0 1 5 10
1 0 2 23 92 351 352 464 718 882 894 1935 2022
2 1 23 97 210 215 386 407 464
3 4 11 47 51 145 194 239 240 241 243 249 329 478 537 575 663 670 706 809 1004 1012 1017 1020 1370 1401 1475 1503 1516 1597 1687 1778 1852 1889 1907 1984 2206 2288 2289 3021 3540 4008
4 3 6 47 50 51 240 241 243 249 288 537 575 809 836 1017 1512 2027 2084 2103 2862 3592
5 0 6 318 826 946 1008 1164 1400 1445 1762 2211 2503
6 4 5 163 207 211 318 325 427 554 634 698 701 724 1058 1164 1254 1255 1326 1412 1445 1477 1627 1762 2228 2527 2848 3048 3607 3830 3881
7 8 84 1270
8 7 170 595 637 747 748 855 1207 2097 2469 2982
9 10 30 31 59 60 85 115 128 136 137 224 279 408 453
10 0 9 17 18 30 31 59 60 83 85 115 128 136 137 141 224 242 261 273 279 281 408 445 453 798 1138 1581 2312
11 3 12 41 310 338 443 583 588 887 930 1044 1357 1435 1489 1642 1912 2024
12 11 24 40 41 198 216 417 590 751 887 963 975 991 1231 1346 1357 1398 1489 1662 1931
13 14 54 61 97 147 158 387 446 478 715 765 766 775 794 826 839 917 1029 1053 1206 1219 1332 1369 1443 1616 1664 1688 1721 1727 1816 1855 1979 2945
14 13 374 605 1855 3674
15 16 475 2042
16 15 198 914
17 10 18 83 85 128 136 137 141 224 233 242 261 273 281 445 554 1138 1290 1326 1405 1626 1814 1958 3560
18 10 17 30 78 83 85 128 136 137 141 223 224 229 242 261 273 281 445 574 591 664 798 835 1138 1290 1405 1581 1669
19 20 117 217 218 220 584 585 744 758 1026 1077 1158 1222 1223 1612 2332
20 19 384 555 651 877 1059 1089 1644
21 22 71 74 75 170 282 508 954 1034 1168 1176 1210 1221 1257 1386 1959
22 21 71 74 104 115 116 175 192 193 330 799 813 834 1034 1167 1168 1176 1210 1221 1257 1340 1386 1568 1595 1597 1657 2152 2204 3095
23 1 2 24 97 1326 1784 2385
24 12 23 97 314 321 914 973 1710 1853 3498
25 1235
26 27 1173
27 26 2312 2596 2922
28 29 181 331 384 730 1379 1559 2782
29 28 70 181 310 331 384 644 730 1379 1559
30 9 10 18 31 59 60 85 115 128 136 137 224 279 408 453 495
31 9 10 30 59 60 85 115 128 136 137 224 279 408 453
32 33 167 168 260 268 390 437 455 506 526 544 625 672 745 794 866 929 1087 1113 1485 1661 2124 2254 2291 2549 2604 2716 3183 3956
33 32 168 268 437 936 1061
34 35 46 179 182 187 280 340 368 388 479 508 562 563 573 620 688 702 703 713 732 897 927 935 976 977 979 1154 1175 1234 1241 1449 1490 1650 1893 2130 2144 2805
35 34 46 562 573 927 979 1585
36 37 96 117 160 165 220 255 322 365 416 432 450 468 558 628 649 720 786 869 903 912 939 944 1139 1249 1289 1912 2301
37 36 160 321 364 365 450 786 939 944 1220 1313 1528 1536 1890 3488 3898
38 39 233 495 587 665 2085
39 38 129 254 283 494 495 587 661 665 1021 1126 1170 1261 1627 2085
40 12 41 88 198 216 417 590 963 1198 1231 1267 1460
41 11 12 40 93 198 310 332 338 386 443 604 691 710 888 991 992 1044 1090 1514 1539 1652 1890 2244
42 43 144 845 863 1407 1653
43 42 144 863 1407 2301
44 45 81 82 178 327 356 421 454 550 698 1203
45 44 81 82 327 328 454 608 665 3102
46 34 35 187 508 509 562 563 573 688 703 713 732 897 927 934 935 976 977 979 1154 1175 1197 1234 1669 1893 1898 2144
47 3 4 50 51 93 240 241 243 249 288 537 575 809 836 893 1017 1137
48 49 78 79 80 133 191 231 410 853 865 1634
49 48 78 79 80 133 191 231 410 411 853 865 1634
50 4 47 51 240 241 243 249 537 575 809 836 1017
51 3 4 47 50 240 241 243 249 288 396 537 575 809 836 1017 1499 2408
52 53 64 67 162 275 711 779 968 1311 1881
53 52 64 67 275 711 779 1049 1881 2301 2312 2731
54 13 97 613 715 1166 1511
55 56 637 714 805 965 1242 1538 1947 2067
56 55 70 246 293 294 307 325 396 398 467 512 574 604 682 684 687 764 1156 1499 1565 1578 3903
57 58 457 746 2457
58 57 128 151 176 196 366 378 379 501 591 665 760 808 1009 1073 1098 1608 1831 2029 2416 2480 2732 2760 3525 3577
59 9 10 30 31 60 85 115 128 136 137 224 279 408 453 586 640 2312
60 9 10 30 31 59 85 115 128 136 137 224 279 408 453 510
61 13 906 1285 1442
62 63 543 1432 2795
63 62
64 52 53 67 275 678 679 711 779 1311 1375 1881 2729 2988 3023 3345 3434
65 66 212 284 381 532 533 558 736 741 829 862 1028 1062 1134 1233 1411 1504 1544 1584 1639 1920 2154 2199
66 65 212 532 862
67 52 53 64 165 207 629 711 1311 1881
68 69 117 138 529 858 891 906 1932 2058
69 68 202 529 943 3282
70 29 56 71 104 175 176 293 307 398 512 684
71 21 22 70 86 104 116 154 155 175 193 294 330 485 512 644 834 852 1043 1168 1257 1298 1593 1830
72 73 613 1188
73 72 496 613 839 937 1188
74 21 22 75 310 1034 1176 1210 1257 1386 1516
75 21 74 1034 2312
76 77 190 1126
77 76 117 455 464 1304 1332 1794 1848 2106 2414 2553 2741 2746 3096 3714
78 18 48 49 79 80 133 191 231 295 410 559 564 853 937 1421 1511 1634 2589
79 48 49 78 80 133 191 231 410 411 853 865
80 48 49 78 79 133 191 231 410 411 853 2312
81 44 45 82 454 698
82 44 45 81 257 454
83 10 17 18 128 136 137 141 224 242 261 273 281 445 798 1138 1290 1581
84 7 169 292 891 1270
85 9 10 17 18 30 31 59 60 104 115 128 136 137 139 141 224 225 229 233 261 279 281 334 408 436 446 453 510 626 627 640 641 661 681 924 1000 1126 1138 1156 1303 1499 1565 1643 1734 1824
86 71 104 105
87 88 206 452 463 511 613 638 784 842 1382 1421
88 40 87 206 576 577 598 963 1185 1304 1332 1682 1839 2178 2293 2297 3774
89 90 202 507 594 1328 2786
90 89 121 180 201 202 278 507 594 833 999 2375
91 92 1199 2361
92 1 91 170 207 220 791 1199 1946 2409 2618 3886
93 41 47 94 99 118 119 332 436 466 591 705 706 1269 1358 1675 1687 1730 1744 1762 1781 3510
94 93 2312
95 96 134 244 246 322 401 459 460 552 574 627 939
96 36 95 117 125 160 219 220 246 299 306 574 607 644 782 821 903 970 1000 1187 1442 2165 2193 2212 2223
97 2 13 23 24 54 215 386 407 894 914 1707 1923
98 507 665 1204 1665 1919 1985 2052 2531 2639 2858 2962 2970 3040 3156 3239 3370 3437 3480 3497 3571 3744
99 93 391 1709 1818
100 101 681 1643
101 100 681 2658
102 103 130 187 251 297 298 340 387 431 466 504 538 609 702 880 897 938 980 1022 1028 1273 1383 1393 1526 1543 1556 1601 1612 2065
103 102 104 243 288 537 575 909 940
104 22 70 71 85 86 103 105 115 116 175 176 192 193 233 269 282 288 292 310 330 345 366 379 438 485 501 537 575 665 684 797 799 834 852 906 908 940 1008 1043 1073 1167 1168 1281 1329 1463 1487 1593 1755 1830 1907 1959 2102 2204 2222
105 86 104 170 1286
106 107 252 253 319 320 382 383 509 542 554 778 920 1165 1326 1993 2301 2537 3520
107 106 252 253 382 383 542 778 1326 1746
108 726 727 754 2139
109 110 1047 1048 1964 2017 2042 2062 2703
110 109 405 753 2004
111 112 139 171 346 523 524 561 613 830 925 984 1174 1260 1349 1424 1426 1529 1785 1994 2010 2060 2106 3989
112 111 139 171 262 263 276 334 545 613 767 768 769 825 830 925 932 1039 1349 1350 1455 1468 1529 1774 2145 2175
113 114 380 390 761 1046 1812
114 113 380 456 578 1045 1046 1416
115 9 10 22 30 31 59 60 85 104 116 128 136 137 175 193 199 224 226 244 279 330 347 348 366 401 408 453 499 500 665 674 692 695 764 834 1000 1167 1168 1200 1775 1857 2214 3135
116 22 71 104 115 170 175 193 665 834 1167 1755
117 19 36 68 77 96 160 170 181 212 218 220 264 306 322 339 342 384 402 417 483 496 504 542 546 679 712 744 762 782 783 859 886 895 896 903 999 1012 1048 1149 1154 1239 1254 1255 1318 1322 1359 1381 1398 1441 1449 1450 1461 1466 1484 1494 1511 1530 1534 1539 1546 1554 1590 1591 1608 1644 1655 1665 1692 1700 1736 1787 1806 1810 1828 1832 1848 1857 1882 1975 1979 1991 1999 2031 2032 2068 2099 2102 2163 2242 2247 2336 2337 2380 2381 2390 2472 2479 2487 2494 2514 2534 2583 2609 2634 2676 2680 2701 2732 2735 2759 2852 2856 2893 2905 2933 2975 3008 3023 3049 3051 3081 3098 3127 3147 3166 3167 3213 3225 3228 3248 3260 3301 3322 3363 3375 3419 3422 3426 3462 3565 3605 3628 3791 3948 4001
118 93 119 1232 1269
119 93 118 436
120 121 1199 1547 3083
121 90 120 238 704 1547 2458
122 123 160 875
123 122 759 875
124 125 246 496 607 631 632 669 740 1041 1187 1374 1507
125 96 124 244 245 246 292 320 322 401 445 460 510 518 552 574 647 1360
126 127 867 988
127 126 287 867
128 9 10 17 18 30 31 58 59 60 83 85 115 136 137 141 224 242 261 273 279 281 408 445 453 591 1138 1290 1581 1627 2941 3354
129 39 257 495 587 661 1339 1375 1933
130 102 187 250 251 297 298 340 387 431 466 538 897 938 1393 1490 1963 2350 2375 2607
131 132 296 350 427 1238 2012
132 131 296 1238
133 48 49 78 79 80 191 231 410 411 853
134 95 135 164 232 290 291 556 557 812 902 941 969
135 134 164 258 259 290 291 660 664 941 1072 1158 1163
136 9 10 17 18 30 31 59 60 83 85 115 128 137 141 224 242 261 273 279 281 408 445 453 591 798 1126 1138 1275 1581 2229 2314 3057
137 9 10 17 18 30 31 59 60 83 85 115 128 136 141 224 242 261 273 279 281 408 445 453 661 798 1138 1290 1581
138 68 1583
139 85 111 112 140 171 229 242 262 276 334 346 372 545 767 768 825 830 925 1349 1350 1366 1455 1468 1774 2175 2375
140 139 292 1454
141 10 17 18 83 85 128 136 137 224 233 242 261 273 281 445 1138 1290 1581
142 143 586 659 1588 1858 2057 2675 3203
143 142 156 586 659 845 1016 1858 2668 3138 3910
144 42 43 863 1407
145 3 670 1501 2286
146 147 942 1520
147 13 146 465 541 624 662 942 1018 1098 1520
148 149
149 148 696 697 797 1261 1779
150 151 1742
151 58 150 1742
152 153 286 577 613 1081 1365
153 152 253 1081 1365
154 71 155 797 852 1298
155 71 154 434 459 574 797 1051 1298 1347
156 143 157 586 1933
157 156 233 586 1092 1121 1266 2472
158 13 159 406 582 720 898 1461
159 158 306 583
160 36 37 96 117 122 161 166 170 196 220 255 306 322 365 409 426 450 451 481 503 505 569 594 645 649 653 720 724 786 819 821 869 903 912 939 944 981 1001 1014 1041 1046 1049 1060 1094 1132 1172 1183 1199 1260 1289 1300 1332 1394 1395 1424 1434 1436 1528 1547 1563 1592 1616 1691 1730 1778 1786 1823 1837 1853 1882 1968 2051 2108 2139 2163 2282 2348 2357 2364 2373 2411 2425 2463 2495 2500 2501 2546 2571 2593 2597 2634 2651 2652 2655 2677 2681 2714 2734 2766 2803 2846 2853 2882 2895 2899 2906 2952 2995 3063 3064 3113 3128 3144 3175 3181 3186 3197 3355 3375 3386 3399 3413 3431 3441 3494 3532 3542 3665 3691 3701 3837 3854 3859 3933 3973
161 160 219 220 299 409 481 503 593 1313 1326 2081
162 52
163 6 164 171 172 556 1117 1817 1925
164 134 135 163 258 259 290 660 664 1072 1949
165 36 67 166 219 252 299 300 387 416 481 504 505 547 665 691 821 828 970 1049 1060 1065 1194 1220 1313 1334 1356 1722 1766 1778 1908 1950 2108 2266 2503 2519 2546 2618 2804 3093 3215 3222 3572 3585
166 160 165 1263 1575 1581 2698
167 32 168 190 544 564 613 718 894 1061 1235 1438 1548
168 32 33 167 203 268 437 455 506 544 565 625 672 1087 1114 1661 2124 2291 2292 2549 2604 2709
169 84 170 1084 1860
170 8 21 92 105 116 117 160 169 190 198 211 227 289 311 329 471 568 582 598 605 730 780 783 816 891 893 1079 1084 1125 1137 1205 1286 1296 1372 1375 1461 1605 1646 1684 1708 1717 1860 1874 1928 1939 1961 2003 2005 2008 2029 2122 2132 2312 2375 3081 3101 3163 3206 3450
171 111 112 139 163 172 255 262 263 276 346 545 767 768 825 830 925 1349 1350 1366 1375 1468 1529 1774 1817 2175 2312 3953
172 163 171 1117 1136 1817 1925 3827
173 174 209 219 534 543 554 724 1088 1118 1310 1317 1457 2543
174 173 448 534 554
175 22 70 71 104 115 116 176 193 233 330 485 665 684 834 1167 1168 1830 2408
176 58 70 104 175 193 196 233 287 363 366 378 379 428 501 665 684 760 772 790 832 876 913 1031 1073 1096 1181 1281 1375
177 178 837 2209
178 44 177 421 837 2324
179 34 182 280 353 703 979
180 90 202 248 312 422 423 444 507 594 596 704 753 1019 1713
181 28 29 117 220 331 384 644 730 1379 1559
182 34 179 280 562 1814 2267 2554
183 184 845 946 1112 1113 1312 1443 1513 1933 2188 2304
184 183 845 1849 2301 2312
185 186 210 519 520 947 962 1066 1715
186 185 317 520 947 962
187 34 46 102 130 188 251 280 298 340 360 431 466 490 508 509 538 562 563 620 702 703 713 897 927 935 938 979 1175 1234 1302 1429 1448 1449 1458 1490 1506 1525 1650 1802 1893 1953 1963 2149
188 187 466 897 1458 1963 3044
189 190 334 405 414 440 456 486 548 677 932 1677 3030
190 76 167 170 189 334 439 440 548 608 645 689 893 1080 1208 1280 1638 1731 1760 1854 2000 2269
191 48 49 78 79 80 133 231 410 411 853 865 1634
192 22 104 193 330 373 438 673 834 981 982 1153
193 22 71 104 115 116 175 176 192 282 330 366 485 834 1167 1168 1487 1572 1830 1959 2204 2222
194 3 414 544 1012 1370
195 196 415 1413
196 58 160 176 195 233 363 366 367 378 379 428 501 665 760 790 876 913 1031 1073 1096 1181 1375 1413 2375 2729
197 198 599 1558 2332 2869
198 12 16 40 41 170 197 199 216 369 401 446 552 599 676 759 933 1083 1337 1434 1532 1558 1598 1690 2061
199 115 198 200 401 446 1000 1150 1775 2033 2202 2214
200 199 401 446 1000 1150 2033 2202 2214
201 90 202 278 507 833 1348 1518 2052
202 69 89 90 180 201 248 278 312 422 507 594 833 839 1328
203 168 1319 2478
204 205 1323 2973
205 204 1323 3463
206 87 88 286 638 1382 1421 1602
207 6 67 92 208 257 354 382 421 479 552 621 640 665 691 776 823 890 971 1034 1109 1118 1192 1193 1367 1390 1493 1604 1612 1655 1659 1767 1834 2000 2020 2199 2347 2377 2398 2406 2425 2515 2544 2671 2687 2781 2836 2936 2940 3022 3053 3100 3126 3139 3211 3266 3334 3400 3417 3423 3461 3533 3603 3669 3740 3742 3790 3809 3833 3868 3891 3955
208 207 1767 2237
209 173 210 369 464 844 870 894 921 1076 1178 1438 1488 1548 1641 1710 2121
210 2 185 209 295 464 520 718 864 894 962 1066
211 6 170 314 2518
212 65 66 117 213 220 284 285 303 381 392 393 532 533 558 736 823 829 862 934 1028 1085 1103 1134 1217 1233 1237 1274 1411 1504 1603 1639 1680 1795 1920 2153 2154 2199 2203 2241 2273 2915
213 212 381 533 829 862
214 215 386 613 738
215 2 97 214 370 407 429 546 907 1761 2351
216 12 40 198 489 963
217 19 218 584 585 644 744 880 1026 1077 1158 1176 1222 1223 1612 1748 1927
218 19 117 217 584 585 744 880 975 1026 1077 1158 1222 1223 1375 1504 1543 1612
219 96 161 165 173 220 322 593 701 720 724 911 939 977 1049 1165 1254 1267 1313 1326 1783 1872 2353 2495 2546
220 19 36 92 96 117 160 161 181 212 219 299 306 322 355 402 460 481 496 574 782 795 821 896 903 970 1313 1421 1461 1530 1591 1608 1665 1692 1796 1798 1810 2031 2068 2336 2337 2381 2479 2504 2680 2856 3008 3023 3182 3248 3426 3845
221 222 509 1006 1250 1658 1777 1877 3033
222 221 1508
223 18 224 581 843
224 9 10 17 18 30 31 59 60 83 85 115 128 136 137 141 223 242 261 273 279 281 408 445 453 591 661 798 1138 1290 1581 1739 2162 2430 2668 2914
225 85 226 244 355 400 692 693 695 813 923 961 1093 1469 1517 1537 1734
226 115 225 244 347 348 355 499 500 692 693 695 813 923 961 1093 1200 1517 1537 1734
227 170 228
228 227 1115 2483 2729
229 18 85 139 230 233 378 501 665 798 832 1281 1366 1769
230 229 1880 2091
231 48 49 78 79 80 133 191 410 853
232 134 290 291 556 557 664 812 902 1895 2763
233 17 38 85 104 141 157 175 176 196 229 269 379 436 452 469 589 622 627 684 692 717 774 836 1045 1081 1183 1195 1211 1238 1394 1425 1428 1455 1483 1498 1591 1779 1895 1914 1972 1978 1989 2139 2173 2202 2239 2295 2334 2375 2429 2492 2497 2506 2512 2575 2580 2605 2656 2664 2707 2720 2730 2783 2823 2834 2845 2852 2879 2927 2928 2965 3046 3063 3068 3085 3170 3177 3208 3362 3393 3396 3409 3509 3528 3558 3559 3595 3619 3620 3646 3706 3727 3776 3781 3812 3857 3874
234 235 558 756 862 1515 1614 1637 2312 2931 3683 3728 3793
235 234 416 1319
236 237 1521 2312 2375
237 236 2085 2871
238 121
239 3 2722 3399
240 3 4 47 50 51 241 243 249 288 537 575 809 836 1017 2084
241 3 4 47 50 51 240 243 249 537 575 809 836 910 971 972 993 1017 1211 2084
242 10 17 18 83 128 136 137 139 141 224 261 273 281 445 591 604 798 821 1138 1290 1581
243 3 4 47 50 51 103 240 241 249 537 575 809 836 908 1017 1567 3071
244 95 115 125 225 226 246 355 484 682 692 693 695 813 923 961 1093 1264 1517 1537 1551 1734
245 125 246 518 607 656 839 860 889 1187 1243
246 56 95 96 124 125 244 245 322 401 445 459 510 512 518 552 574 647 676 1187 1517 1611 1848 2138 2173 2233 2234 3427 3903
247 248 469 470 978 1328
248 180 202 247 469 470 978 1204 1328
249 3 4 47 50 51 240 241 243 288 537 575 809 836 1017
250 130 251 283 298 387 431 538 938 1393 1526 3688
251 102 130 187 250 297 298 387 431 466 505 538 703 938 1393 1490 1963
252 106 107 165 253 382 383 542 940 1746 1933 2131
253 106 107 153 252 270 382 383 2053
254 39 2527
255 36 160 171 256 315 505 583 628 1676
256 255 558 756
257 82 129 207 739 3853
258 135 164 259 660 664 845 941 1072
259 135 164 258 660 664 1072
260 32 526 780
261 10 17 18 83 85 128 136 137 141 224 242 273 281 445 798 1138 1290 1581
262 112 139 171 263 276 334 346 545 767 768 825 830 925 1093 1349 1350 1366 1455 1468 1529 1774 1850 2145 2175
263 112 171 262 276 545 767 768 825 830 925 1349 1455 1468 2175 2263
264 117 265 1009 1554 1720
265 264 1554 1720
266 267 321 422 618 668 753 975 1375 3858
267 266 324 668 773 1348 1519
268 32 33 168 625 1061 1167
269 104 233
270 253 975
271 272 2729
272 271 648 854 855 892 1116 1404
273 10 17 18 83 128 136 137 141 224 242 261 281 445 798 1138 1290 1581
274 275 1214
275 52 53 64 274 425 779 1214 2304 2984
276 112 139 171 262 263 346 545 767 768 825 830 925 1349 1350 1366 1468 1529 1774 2175
277 278 364 833 983 1100
278 90 201 202 277 507 833 983 3052 3977
279 9 10 30 31 59 60 85 115 128 136 137 224 408 453 1596
280 34 179 182 187 562 573 975 979
281 10 17 18 83 85 128 136 137 141 224 242 261 273 445 799 1138
282 21 104 193 834 975 1167 1340 2152
283 39 250 310 387 431 504 505 938 1220 2237 2304 2642
284 65 212 285 381 532 533 741 829 862 1062 1103 1274 1680 1795 2207 2332
285 212 284 532 634 1103 1233 1274 1680 2199 2241
286 152 206 564 613 718 822 1061 1130 1235 2312
287 127 176 366 587 665 799 876 1281 2151
288 4 47 51 103 104 240 249 575 617 909 940 1017 2534
289 170 496 567 568 694 792 814 844 921 1054 1076 1125 1566 1918
290 134 135 164 232 291 556 557 902 969 1912
291 134 135 232 290 556 557 902 969 1592 1614
292 84 104 125 140 641 1937 2492 2502
293 56 70 294 307 398 512 684 980
294 56 71 293 396 512 1156 1499 1565
295 78 210 296 371 498 815 937 1351 2316 3185
296 131 132 295 928
297 102 130 251 298 431 538 938 1165
298 102 130 187 250 251 297 387 431 538 897 938 1393 1490
299 96 161 165 220 300 322 326 365 481 518 555 939 970 1001 1065 1450 1574 1629 1631 1900 1908 2312
300 165 299
301 302 1159 1391 2662
302 301 975 1065 1159 1221 1391 1621 2108 2375 2479
303 212 532 756 862 1028 1085 1680 2056
304 305
305 304 762 2304
306 96 117 159 160 220 416 582 649 903
307 56 70 293 396 398 512 684 1143 2312
308 309 374 375 483 549 569 755 774 1146 1801 1888
309 308 374 375 483 549 569 755 774 781 1146
310 11 29 41 74 104 283 487 878 975 1007 1044 1157 1589 1668 1706 1743 1865 2090 2114 2312 2747 2786 3888
311 170 2312
312 180 202 507 594 1019 2408 3622
313 314 1831 1983
314 24 211 313 380 461 633 1058 1250 2042 2123 2887 2902 2987 3041 3784 3860
315 255 551 583 628
316 317
317 186 316 763 921 1548 1641 1997 2115
318 5 6 1164
319 106 320 1343 1871
320 106 125 319
321 24 37 266 322 593 762 875 928 940 1147 1935 2002 2104 2375 2546 2832 2878 2887 2981 3239 3370 3371 3394 3465 3630 3732
322 36 95 117 125 160 219 220 246 299 321 343 436 558 574 593 644 782 802 821 922 1187 1569 1626 1665 2235 3822
323 324 427 612 1155 1641
324 267 323 402 426 839 1060 1082 1348 1519 1866 1962 2201
325 6 56 501 502 2603
326 299
327 44 45 328 454 1452 1640 1819
328 45 327 389 904 923 1326 1899 1960 2309 2588 3759
329 3 170 335 987 3819
330 22 71 104 115 175 192 193 366 387 485 1167 1168 2204 2312 2375 2596
331 28 29 181 384 549 644 730 1379 1559
332 41 93 580 1933 2332
333 334 860
334 85 112 139 189 190 262 333 346 456 548 769 825 1276 1350 1366 1738 2923
335 329 987 1949
336 337 434 441 560 851 986 1127 1177 1534
337 336 851 1127 1177
338 11 41 339 599 1435 1514 1635 1690 1773 1922
339 117 338 389 664 1814 1933 2409 2528 2878
340 34 102 130 187 431 466 538 703 713 897 931 938 1458 1963 2312
341 342 385 1124
342 117 341 508 532 742 1000 1103 1176 1274 1275 1429 1543 1609 1729 1805 1841 1886 1982 2157 2159 2205 3172 3195
343 322 455
344 345
345 104 344 815 966 1061 1078 1368 1402 1467 1723 1836 1876
346 111 139 171 262 276 334 767 768 825 979 1321 1350 1366 1455 1656 3055 3825
347 115 226 348 499 500 591 674 692 695 1200 1236 1857 3000
348 115 226 347 499 500 674 692 695 1200 1857 2332 3000
349 350 402 461 462 472 596 612 904 1035 1058 1238 1297 1392 1582 2375
350 131 349 402 426 1339
351 1 352 386 738 882 1702 1756 1897
352 1 351 887 2441 3408
353 179 354 416 868 1616 1644 1809 2143 3483
354 207 353 812 1393 2116 2143 2161 4000
355 220 225 226 244 665 692 693 695 813 923 961 1093 1264 1469 1517 1537 1734 2078 2198
356 44 454 698
357 358 2463
358 357 967 1613
359 360 620 702 703 1490 1644 1669 1796 1798 1883 2103 2146 2150 2162 3277 3696
360 187 359 897 1089 1644 1669 1715 1798 1883 2103 2146 2150 2162 3277
361 362 880 1748 1927 2058 2385 2852 3508
362 361 1993 2077
363 176 196 366 378 379 428 501 665 760 772 790 876 913 1031 1073 1096 1181 1375
364 37 277 365 430 450 786 833 944 983 1528 3752
365 36 37 160 299 364 450 786 944 1313 1528
366 58 104 115 176 193 196 287 330 363 367 378 379 428 501 665 760 772 790 834 876 913 1031 1073 1181 1281
367 196 366 378 379 591 665 760 772 876 913 1073 1096 1181 1286 1375
368 34
369 198 209 576 1780
370 215 386 973 998 1509 2221
371 295 450 613 1825 1892 1978
372 139 1174 1366 2163
373 192 438 673 981 982 1153
374 14 308 309 375 399 483 549 569 755 774 818 1029 1146 1286 1801 1888
375 308 309 374 399 483 549 755 774 818 1888 3339
376 377 914
377 376 894 914
378 58 176 196 229 363 366 367 379 501 591 665 760 781 790 876 913 1031 1073 1096 1181 1286
379 58 104 176 196 233 363 366 367 378 501 665 760 772 876 913 1024 1031 1073 1239 1375 2596
380 113 114 314 456 507 668 753 1046 2626 2900 3026
381 65 212 213 284 532 533 558 601 736 741 823 829 862 1028 1085 1134 1217 1233 1299 1603 1639 1680 1795 2154 2155 2156 2160 2199
382 106 107 207 252 253 383 542 778 1746
383 106 107 252 253 382 542 1326 1882 2337
384 20 28 29 117 181 331 644 714 730 1379 1559 2172 3156
385 341 386 839
386 2 41 97 214 351 370 385 407 429 546 718 907 1145 1368 1761 2524 2877 3655
387 13 102 130 165 250 251 283 298 330 416 431 538 559 617 651 938 1393 1526 1817 3293 3434
388 34 979 1585 2009
389 328 339 390 402 447 504 693 752 896 969 1044 1205 1245 1254 1256 1322 1326 1343 1359 1421 1477 1484 1510 1530 1590 1608 1622 1654 1692 1787 1806 1828 1882 2003 2026 2031 2032 2041 2314 2381 2409 2479 2504 2534 2609 2634 2680 2701 2735 2856 2905 2933 3008 3147 3176 3248 3633 3707
390 32 113 389 402 426 507 1226 1228 2254
391 99
392 212 393 517 619 719 822 934 936
393 212 392 482 517 719 822 934
394 395 1057 1086 1252 1361 1578 1678 1753 1903
395 394 1086 1578 1678 1753 1807 1903
396 51 56 294 307 397 512 684 1078 1156 1499 1516 1563 1565 1711 1726 2059 2452
397 396
398 56 70 293 307 512 684 979 1867 2347 2388 3191
399 374 375 483 818 2818
400 225 891 892 926 1651 1734
401 95 115 125 198 199 200 246 446 552 553 574 654 655 676 759 787 798 818 933 951 994 1000 1140 1150 1301 1694 1775 2202
402 117 220 324 349 350 389 390 461 612 668 789 940 1238 1297 1392 1628 1667 1833 2409
403 404 535 536 650 835 965 1335
404 403 536 570 639 835 845 1913
405 110 189 406 820 1250 1282 1966 2017
406 158 405 600 1048 1105 1201 1277
407 2 97 215 386
408 9 10 30 31 59 60 85 115 128 136 137 224 279 453 661 1534 1848
409 160 161 481 503 3652 3969
410 48 49 78 79 80 133 191 231 411 853 865 1167 1196 1634
411 49 79 80 133 191 410 1260 2843
412 413 985 986 1052 1378 1473 1611 1625 2176
413 412 434 845 975 986 1052 1229
414 189 194 415 445 592 606 712 714 725 735 817 832 1120 1126 1181 1209 1281 1284 1917 1984 2036
415 195 414 781
416 36 165 235 306 353 387 505 582 583 649 812 940 1220 1250 1463 2679 3483
417 12 40 117 418 589 590 879 930 1185 1198
418 417 589 590 879 1185 1198 2312
419 420 698 952 1757 1954 2426
420 419 1034
421 44 178 207 698 837
422 180 202 266 423 444 507 596 668 704 753 1034 1497
423 180 422 618 633 668 753 845 935 999 1154 2460
424 425 2301
425 275 424 617 635 888 1627 2494 3224 3629
426 160 324 350 390 427 479 612 1035 1238 1297 1392 1874
427 6 131 323 426 1226 1677 2223 2287 2909 3310
428 176 196 363 366 665 760 1073
429 215 386 546 907 1665
430 364 828 1725 2110 2720 3912
431 102 130 187 250 251 283 297 298 340 387 538 713 938 1393 1490
432 36 433 554 1190 1191 2957
433 432 1190 1191 2957
434 155 336 413 986 1052 1229 1473
435 436 872 1048 1122 2051
436 85 93 119 233 322 435 579 1289
437 32 33 168 544 1169 3173
438 104 192 373 981
439 190 440 548 689 893 1080
440 189 190 439 689 893 1080
441 336 780 2117
442 443
443 11 41 442 887 1357 1635 2648 2782
444 180 422 513 588 596 615 646 704 753 948 1577 1713 1763
445 10 17 18 83 125 128 136 137 141 224 242 246 261 273 281 414 552 574 607 798 1027 1138 1187 1290 1405 1581 3112
446 13 85 198 199 200 401 552 553 933 994 1000 1150 1369 1543 1694 1775 2033 2198 2202 2214 2370 2481
447 389 456 511 752 1076 1125
448 174 449 534 554 1064 1118 1149 1165 1474 1747 2312
449 448 1474
450 36 37 160 364 365 371 535 649 678 737 786 944 1218 1313 1421 1528 1536 1779 1842 1935 2267 2347 2456 3134 3347 3602 3718 3783
451 160 452 463 480 511 596 784 1081
452 87 233 451 463 784 2312
453 9 10 30 31 59 60 85 115 128 136 137 224 279 408 665 3448
454 44 45 81 82 327 356 698
455 32 77 168 343 456
456 114 189 334 380 447 455 578 940 1691 2724
457 57 458 746 1195 1674
458 457 788 1432 1813
459 95 155 246 460 574 627 676 692 798 961 1298 1671
460 95 125 220 459 552 574 627 644 694 709 736 911 937 1300 1566 1627 1751 1914 2301 2689
461 314 349 402 462 472 597 633 668 762 919 957 1058 1228 1238 1297 1582 2312 2761 2942 3723
462 349 461 762 1840 1919
463 87 451 452 784
464 1 2 77 209 210 718 870 875 1044 1178 1375
465 147 942 1098 3539
466 93 102 130 187 188 251 340 538 713 897 1326 1458 1963 2149
467 56 468 873 2332 3057 3466 3603
468 36 467 791 1259 1792
469 233 247 248 470 978 1328 2237
470 247 248 469 764 831 978 1328 1469 1794 1914 2815
471 170 943 1298
472 349 461 633 1058 2039 2432 3659
473 474 3042
474 473 597 616 617 885 1733 3042
475 15 525 995
476 477 2863
477 476
478 3 13
479 34 207 426 562 1564 2729 2888
480 451 843
481 160 161 165 220 299 409 503 720 1292 1908
482 393 496 517 565 785 814 934 1020 1326
483 117 308 309 374 375 399 549 569 755 774 818 1146 1801 1888 2198
484 244 543 814 1088 1551
485 71 104 175 193 330 834 1167 1830 2204 2615
486 189 487 566
487 310 486 566 690 1044 1627 3646
488 489 963 1003 1436 1532 1923
489 216 488 544 1326 1342 2111 2371 2694 2744 3463 3630
490 187 491 2884
491 490 2317
492 493 1074
493 492 880 1473
494 39 495 587 661 1170 1174 1521
495 30 38 39 129 494 587 661 1000 1170 2085
496 73 117 124 220 289 482 497 529 567 568 602 810 892 1188 1686 1792 1797 1967 3070
497 496
498 295 928 929 1351
499 115 226 347 348 500 674 692 695 1200 1260 1857
500 115 226 347 348 499 591 1200 1857
501 58 104 176 196 229 325 363 366 378 379 502 591 665 684 760 790 913 1073 1096 1181 1375
502 325 501
503 160 161 409 481 944 1129 1326 2495 3137
504 102 117 165 283 389 505 1393 1526 1954 2507 2518 3574
505 160 165 251 255 283 416 504 906 938 1526 1954 2507 2992
506 32 168
507 89 90 98 180 201 202 278 312 380 390 422 594 701 753 863 974 1019 1238 1308 1456 1518 1653 1670 1695
508 21 34 46 187 342 509 532 713 829 886 897 935 954 1154 1175 1234 1240 1274 1393 1758 1794 2042 2253 2959 4005
509 46 106 187 221 508 559 563 703 713 897 919 927 935 977 1021 1154 1175 1234 1405 1666 1794 2033 2076 2889
510 60 85 125 246 552 759 994
511 87 447 451 638 1459 1766 1814
512 56 70 71 246 293 294 307 396 398 684 687 1156 1499 1565 2689 3155
513 444 514 596 614 615 646 753 948 1035
514 513 614 615 646 948 2243
515 516 1203 1864 2096 3078
516 515 1110
517 392 393 482 719 822 934
518 125 245 246 299 619 656 805 889 1378 1800 2136 3564
519 185 520 881 947 962 1715
520 185 186 210 519 947 962 1066 1160 1715 3657
521 522 722 1081 1461 2259
522 521 722
523 111 524 561 863 984 1260 1424 1785 1994 2010 2060 2106 3289
524 111 523 561 819 984 1126 1260 1424 1426 1505 1785 1994 2010 2060 2106
525 475 995 1618
526 32 260 780 794 2301
527 528
528 527
529 68 69 496
530 531 2552 2826
531 530
532 65 66 212 284 285 303 342 381 508 533 558 741 823 829 862 1002 1085 1103 1134 1217 1233 1237 1274 1299 1411 1504 1680 1795 2154 2155 2160 2199 2207 2241 2270 2880 2915 3292 3388
533 65 212 213 284 381 532 829 862 1002 1062 1085 1233 1504 1603 1680 1795 2160 2207 2241 2915
534 173 174 448 543 554 918 1054 1940 2040
535 403 450 964 1130 1562 1767 3816
536 403 404 613 835 964 1009 1335 2172 3616
537 3 4 47 50 51 103 104 240 241 243 249 575 809 836 908 1017
538 102 130 187 250 251 297 298 340 387 431 466 713 938 1393
539 540 683 828 940
540 539 2033 2729
541 147 942 1520
542 106 107 117 252 382 383
543 62 173 484 534 1088 1870 1940
544 32 167 168 194 437 489 817 1013 1273 1370 2486 3729
545 112 139 171 262 263 276 767 768 825 830 925 1349 1350 1468 1529
546 117 215 386 429 907 1761 1814 2443
547 165 1326 1433 1814 3626
548 189 190 334 439 689 893 932 1080
549 308 309 331 374 375 483 774 1146 1801 3527
550 44
551 315 583 1655 3526 3748
552 95 125 198 207 246 401 445 446 460 510 553 574 607 627 759 933 994 1000 1140 1301 1347 1694 1965
553 401 446 552 654 655 676 759 787 798 933 951 994 1000 1759 2076 2675
554 6 17 106 173 174 432 448 534 846 1120 1575
555 20 299 782
556 134 163 232 290 291 557 902 941 969 1614 1895
557 134 232 290 291 556 902 1895 2094
558 36 65 212 234 256 322 381 532 709 736 756 823 862 922 1028 1134 1584 2154 2203 3077
559 78 387 509 560 1072 1126 1177 1256 1326 1379 1381 1421 1627 2494 2787 3594 3630
560 336 559 1127 1381 1534 1839 2229 2744
561 111 523 524 819 984 1260 1424 1785 2010 2060 2375 3105
562 34 35 46 182 187 280 479 563 573 620 688 702 703 897 927 935 977 979 1154 1234 1490 2304
563 34 46 187 509 562 702 703 732 927 935 977 1234 1298
564 78 167 286 613 815 937 973 2316
565 168 482 785 793 1023 1166
566 486 487 1192 1266
567 289 496 568 694 1054 1125
568 170 289 496 567 694 1054 1125 1300
569 160 308 309 374 483 570 708 755 911 1146 1801 1888 2592 3073
570 404 569 639 1913 2198
571 572 665 699 731
572 571 731 2665
573 34 35 46 280 562 927 979 980 1585
574 18 56 95 96 125 155 220 246 322 401 445 459 460 552 607 627 665 939 1187 1298 1347 1375 3392
575 3 4 47 50 51 103 104 240 241 243 249 288 537 809 1017
576 88 369 577 1304 1332 1337 3887
577 88 152 576 612 796 881 1045 1155 1267 1436 1628 1752 2255
578 114 456 761 1046 1812
579 436 580 613 1573
580 332 579
581 223 843 1500 2312
582 158 170 306 416 583 715 766 1184
583 11 159 255 315 416 551 582 1030 1069 1230 3568
584 19 217 218 585 744 880 1026 1077 1158 1223 1612
585 19 217 218 584 744 880 1026 1077 1158 1222 1223 1612
586 59 142 143 156 157 1092 1121 1266
587 38 39 129 287 494 495 661 1021 1170 2085
588 11 444
589 233 417 418 590 879 1185 1198
590 12 40 417 418 589 665 879 963 1185 1198 2332
591 18 58 93 128 136 224 242 347 367 378 500 501 595 665 674 1200 1303
592 414 606 725
593 161 219 321 322 1313 3630
594 89 90 160 180 202 312 507 752 1019 2296 3493
595 8 591
596 180 349 422 444 451 513 615 633 646 704 753 948 3659
597 461 474 598 616 617 885 1733
598 88 170 597 616 617 885 1733 2304 3573
599 197 198 338 1232
600 406 820 1250
601 381 1085 1795 3952
602 496 603 687 1257 1334
603 602 687 707 795 858
604 41 56 242 1013 1370
605 14 170 715 765 794 917 1029 1688 1923
606 414 592 735 1120 1135 1284
607 96 124 245 445 552 574 647 676 1187
608 45 190
609 102 665
610 611
611 610 837 1441
612 323 349 402 426 577 1045 1066 1160 1693
613 54 72 73 87 111 112 152 167 214 286 371 536 564 579 694 718 801 814 822 871 918 934 936 937 973 1023 1061 1130 1188 1235 1401 1417 1453 1529 1553 1607 1689 1744 1767 1801 1868 2047 2623 2713 4004
614 513 514 615 646 948 1226 2243
615 444 513 514 596 614 646 948 1226 2243
616 474 597 598 617 885 1733 2465
617 288 387 425 474 597 598 616 885 1691 1733 1935
618 266 423 668 1226 2504
619 392 518 890 1375
620 34 187 359 562 621 702 703 713 897 1234 1669 1798
621 207 620
622 233 623 657 658 666 667 675 680 1005 2083
623 622 666 675 680
624 147
625 32 168 268 770 859
626 85 908 1476 1595 1824
627 85 95 233 459 460 552 574
628 36 255 315 757 939 1089 2181
629 67 630 795 1193 1251 1933 2138 2219 2587 2984 3019 3221 3422 3686
630 629 2138
631 124 632 740 1507
632 124 631 740 852 1507
633 314 423 461 472 596 999 1058 1228 1992 2942
634 6 285 635 892
635 425 634 892 950
636 637 845 1663
637 8 55 636 1663
638 87 206 511 1421 1459 1814 3089
639 404 570 975 1913
640 59 85 207 641 1395
641 85 292 640 1395 2539
642 643 2375
643 642 1633
644 29 71 96 181 217 322 331 384 460 649 730 741 756 757 1079 1393 1877 2229 2428 2573
645 160 190
646 444 513 514 596 614 615 948 1577
647 125 246 607 1187 2380 3620
648 272
649 36 160 306 416 450 644 1322 1500 1672 1696 2303 2314 2479 2603 3248
650 403 651 758 1059 1335 1463 1472 1712 1824
651 20 387 650 758 1059 1335 1463 1911 3379
652 653 1688 3457
653 160 652 757 856 857 1124 1274 1494 1616 2573 3457
654 401 553 655 676 759 773 787 798 818 951 1759
655 401 553 654 676 759 787 818 951 1759 2675
656 245 518 803 954 1243 1333 1926 2332
657 622 658 666 667 675 680 763 788 1005
658 622 657 666 675 680 763 1813 2318 3042
659 142 143 835 2057 2074
660 135 164 258 259 664 941 1072
661 39 85 129 137 224 408 494 495 587 1170 1521 2241
662 147 2312 2527
663 3 763
664 18 135 164 232 258 259 339 660 874 941 977 1072 1128 1129 1326 1348 1421 1590 1832 1975 2019 2367 2409 2933 3008 3176 3556
665 38 39 45 58 98 104 115 116 165 175 176 196 207 229 287 355 363 366 367 378 379 428 453 501 571 574 590 591 609 708 731 760 790 802 821 830 851 876 911 913 1031 1073 1096 1156 1181 1202 1205 1316 1375 1414 1441 1578 1616 1627 1642 1688 1711 1830 2027 2108 2276 2296 2332 2344 2391 2395 2527 2590 2624 2724 2754 2793 2799 2904 2910 2916 2946 3003 3045 3102 3112 3126 3132 3234 3237 3240 3318 3324 3333 3340 3376 3387 3435 3452 3481 3538 3541 3559 3570 3653 3799 3803 3821 3831 3848 3869 3875 3908 3916
666 622 623 657 658 667 675 680 788 1005
667 622 657 666 675 680 788
668 266 267 380 402 422 423 461 618 753 773 3636
669 124 890 1041 1374
670 3 145 1501 3222 3926
671 672
672 32 168 671
673 192 373 981 982 1153
674 115 347 348 499 591 1200
675 622 623 657 658 666 667 680 1005 2301
676 198 246 401 459 553 607 654 655 759 787 798 818 821 951 1759 2675 3316
677 189
678 64 450 679 2181 2963
679 64 117 678 2409
680 622 623 657 658 666 667 675 763 788 1813
681 85 100 101 1935 2067 2889
682 56 244 683
683 539 682 781 1552
684 56 70 104 175 176 233 293 307 396 398 501 512 1071 1499
685 686 724 919 975 1642 2120
686 685 723 724 2312 3133
687 56 512 602 603 785 795 858 1037 1207 1259 2301
688 34 46 562 732 927 977 1234 2312 3088
689 190 439 440 548 893 1627 1731 2304
690 487 963
691 41 165 207 887 1357 1504 2375
692 115 225 226 233 244 347 348 355 459 499 693 695 813 923 961 1093 1200 1264 1517 1537 1653 1734
693 225 226 244 355 389 692 695 813 923 961 1093 1375 1517 1537 1734 2247 2409
694 289 460 567 568 613 911 1054 1125
695 115 225 226 244 347 348 355 499 692 693 813 923 961 1093 1200 1517 1734
696 149 697 1167 1261 1933
697 149 696
698 6 44 81 356 419 421 454 1791 2232
699 571 731
700 701 846 847 1456 1575 1783 1793 2675
701 6 219 507 700 846 847 1117 1326 1456 1575 1783 1793 2543 2889
702 34 102 187 359 562 563 620 703 839 897 927 979 1234 1669 1798 1844 1883 2162 3467
703 34 46 179 187 251 340 359 509 562 563 620 702 713 897 979 1149 1167 1234 1458 1490 1669 1798 1883 1963 2103 2149 2150 2162 2312
704 121 180 422 444 596 753
705 93 706 1008
706 3 93 705 1278 1279
707 603 708 845 900 936 1061 1740 2312
708 569 665 707 911
709 460 558 756 922 2075
710 41 887 1357
711 52 53 64 67 1881
712 117 414 1091 1406
713 34 46 187 340 431 466 508 509 538 620 703 897 927 938 1175 1234 1458 1490 1963 2144
714 55 384 414 1151 1152 1379
715 13 54 582 605 720 1030
716 717 1319 2078
717 233 716
718 1 167 210 286 386 464 613 1289 3433
719 392 393 517 822 934
720 36 158 160 219 481 715 2328 2802 3494 3560
721 722 1081 1186 2304
722 521 522 721 1081 2092
723 686 724
724 6 160 173 219 685 686 723 1313 1688 1938 2353 2664
725 414 592 1281 1741
726 108 727 754 1395 2332
727 108 726 754 2304
728 729 2171
729 728
730 28 29 170 181 331 384 644 1379 1555 1559 2688
731 571 572 665 699 737 907 1689 2534 3790
732 34 46 563 688 977 1167 1339
733 734 811
734 733 1286 1991 2969
735 414 606 975 2042 2332 2345
736 65 212 381 460 558 756 859 862 1028 1134 1348 1411 1584 2154
737 450 731 1011 1286
738 214 351
739 257 1149
740 124 631 632 1507
741 65 284 381 532 644 829 862 1085 1103 1274 1275 1504 1680 1758 2153 2156 2160 2207
742 342 743 824 883 1119 1609 1711 1754 1768 1804 1805 1841 1948 1982 2042 2110 3172
743 742 1729 2591
744 19 117 217 218 584 585 880 1026 1077 1158 1222 1223 1612
745 32 1162 1354 3400
746 57 457 2312
747 8 748 915 916 949 1010 1482 1671
748 8 747 915 916 949 1010 1482 1671 3349
749 750
750 749 2088 2573
751 12 2375 2678
752 389 447 594 814 1076 1343
753 110 180 266 380 422 423 444 507 513 596 668 704 948 2312
754 108 726 727 1409 3136
755 308 309 374 375 483 569 774 1146 1801
756 234 256 303 558 644 709 736 862 1217 2138 3292
757 628 644 653 939 1089 1189 1739 1821 2875 3104
758 19 650 651 1059 1335 1911
759 123 198 401 510 552 553 654 655 676 787 798 818 918 933 951 994 1140 1694 2076 2675
760 58 176 196 363 366 367 378 379 428 501 665 772 790 876 913 1073 1096 1129 1181 1375
761 113 578 1046
762 117 305 321 461 462 1161 1840 1919 2312 3502
763 317 657 658 663 680 1378 1652
764 56 115 470 1394
765 13 605 1442 3348
766 13 582 1859
767 112 139 171 262 263 276 346 545 768 825 830 925 1349 1350 1366 1529 1774
768 112 139 171 262 263 276 346 545 767 825 830 925 1263 1349 1350 1468 1529 1774 2145 2869
769 112 334 3552
770 625 771 1160 1647 1826 1869
771 770 1647
772 176 363 366 367 379 760 876 913 1073 1375 2749 3428
773 267 654 668 1348 1519
774 233 308 309 374 375 483 549 755 1146 1600 1888 2312 3189
775 13 1859
776 207 777 1486 1767
777 776 1486
778 106 107 382
779 52 53 64 275 1049 2312
780 170 260 441 526 1295 1871
781 309 378 415 683 872 885 1142 1286 1413 1487 1808 1901 2059
782 96 117 220 322 555 869
783 117 170
784 87 451 452 463 2393
785 482 565 687 936 1023 1259 1971 2755
786 36 37 160 364 365 450 869 944 1528
787 401 553 654 655 676 759 818 951 1759
788 458 657 666 667 680 1005 3064
789 402 1919 2518 3336
790 176 196 363 366 378 501 665 760 913 1281 1375 2042
791 92 468 2237 2347 2688 3095
792 289
793 565 1259
794 13 32 526 605 1232 1863 3037 3183
795 220 603 629 687 796 858
796 577 795 1326 1770 1815 2237 2312 2837
797 104 149 154 155 1298 1894 2089
798 10 18 83 136 137 224 229 242 261 273 401 445 459 553 654 676 759 1138
799 22 104 281 287 800
800 799 1766
801 613 1008 3687
802 322 665 803 1149 2758
803 656 802 954 1375 1935 2554 2974
804 805 1873
805 55 518 804 810 1119 1378
806 807 2247 3945
807 806 2064
808 58
809 3 4 47 50 51 240 241 243 249 537 575 836 1017
810 496 805 1538 2107
811 733 1799 3065 3582 3695
812 134 232 354 416 868 3483
813 22 225 226 244 355 692 693 695 923 961 1093 1517 1537 1734
814 289 482 484 613 752 871 1256 1633 1689 2408
815 295 345 564 899 1054 1125
816 170
817 414 544 1914
818 374 375 399 401 483 654 655 676 759 787 951
819 160 524 561 984 1260 1785 3127
820 405 600
821 96 160 165 220 242 322 665 676 876 912 2375
822 286 392 393 517 613 719 934
823 207 212 381 532 558 862 1028 1639 2312
824 742 1609 1711 1841 1948 2063 2159 3308
825 112 139 171 262 263 276 334 346 545 767 768 830 925 1349 1350 1366 1455 1468 1529 1774 2145 2175 3020
826 5 13 855 1412 2246 2375
827 828 1535 1656
828 165 430 539 827 1535 1552 2161 2312 2336
829 65 212 213 284 381 508 532 533 741 862 1103 1233 1603 1680 2156 2199 2207 2312 3075
830 111 112 139 171 262 263 276 545 665 767 768 825 925 932 1260 1349 1350 1366 1455 1468 1529 1774 1885 2145 2175
831 470 1977 2008 2187 2226 2238
832 176 229 414 1281 1946
833 90 201 202 277 278 364 983 1104 1906 1958 3977
834 22 71 104 115 116 175 192 193 282 366 485 836 852 1167 1168 1487 1830 1959 2102 2204 2222
835 18 403 404 536 659 1233 2312 2935 2964
836 4 47 50 51 233 240 241 243 249 537 809 834 1017 1512 2084
837 177 178 421 611 2312 2787
838 839
839 13 73 202 245 324 385 702 838 1188 1305 1368 1467 1803 2129 2290 2351 2721 2841 3894
840 841 975
841 840
842 87 843 2019
843 223 480 581 842 1263 1500 1807
844 209 289 1054 1076 1531 2338 3177
845 42 143 183 184 258 404 413 423 636 707 859 971 1085 1112 1126 1163 1173 1202 1225 1273 1316 1348 1374 1385 1443 1534 1556 1627 1672 1691 1694 1819 1945 2053 2135 2183 2240 2259 2273 2291 2345 2362 2378 2397 2464 2467 2469 2509 2530 2588 2594 2638 2646 2668 2704 2723 2799 2890 2894 2905 2922 2934 2950 3035 3053 3076 3161 3168 3209 3210 3275 3294 3321 3367 3479 3504 3598 3630 3751 3800 3817 3876 3884 3932 3951
846 554 700 701 847 1326 1456 1783 1787 1793
847 700 701 846 1456 1575 1783 1793
848 849 1265 1679 1698 1846
849 848 1481
850 851 1406
851 336 337 665 850 1127 1177 1406
852 71 104 154 632 834 953 1043 1298
853 48 49 78 79 80 133 191 231 410 865 1634
854 272 855 2312
855 8 272 826 854 953 1207 1276 1325 1412
856 653 857 1124 1274 1616 2312
857 653 856 900 1097 1616 2088 3654
858 68 603 687 795 1251
859 117 625 736 845 1134 1299 1326 1584
860 245 333 861 1036 1135
861 860 3088
862 65 66 212 213 234 284 303 381 532 533 558 736 741 756 823 829 1002 1028 1062 1085 1217 1233 1603 1639 1680 1795 2153 2155 2304 2915 3233 3388
863 42 43 144 507 523 1407 2574
864 210 894 1437 2312
865 48 49 79 191 410 853 1174
866 32 1113 1443 2716
867 126 127
868 353 812 2332
869 36 160 782 786
870 209 464 871 1054
871 613 814 870 899 937
872 435 781 1645
873 467 874 2655
874 664 873 960 1314 1338 1919 2673 2729 2885 3772
875 122 123 321 464
876 176 196 287 363 366 367 378 379 665 760 772 821 913 1073 1096 1181 1281 1375 2151
877 20
878 310
879 417 418 589 590 1185 1198
880 102 217 218 361 493 584 585 744 1026 1077 1158 1223 1612 3492
881 519 577 3325 3814 3902
882 1 351 3593
883 742 884 905 1616 2229 2591 2766 2818 3027 3253
884 883 2254
885 474 597 598 616 617 781 1733
886 117 508 1240 3709
887 11 12 352 443 691 710 888 1044
888 41 425 887 991 992 1357 2244 2729
889 245 518 1032 2042 2332
890 207 619 669 1071 1374 2105
891 68 84 170 400 892 3309
892 272 400 496 634 635 891 1036
893 47 170 190 439 440 548 689 1513 1731
894 1 97 167 209 210 377 864 899 1377
895 117 896 2409 2491 2878
896 117 220 389 895 2301 3496
897 34 46 102 130 187 188 298 340 360 466 508 509 562 620 702 703 713 927 938 977 1175 1234 1458 1490 1650 1669 1794 1963 2072 2144 2496
898 158
899 815 871 894 3710
900 707 857 901 1576 1776
901 900
902 134 232 290 291 556 557 969 1515 1856 2040 2094 2615
903 36 96 117 160 220 306 940 1629 1631
904 328 349 2610
905 883 906 1039 1040 1274 1283 1495 1711 1754 1768 1805 1841 1886 2108 2158 2210 2513
906 61 68 104 505 905 1040 1153 1188 1283 1479 1735 1986 2108 2158 3027 3223
907 215 386 429 546 731 1761
908 104 243 537 626 909 940 1017 1248 1249 1572 1822 1824 1972 2979
909 103 288 908 940
910 241 971 972 993 1145 1211 1527 1696 2301
911 219 460 569 665 694 708 1300 2335
912 36 160 821
913 176 196 363 366 367 378 379 501 665 760 772 790 876 1008 1073 1096 1375 2543
914 16 24 97 376 377 1038 3324
915 747 748 916 1482
916 747 748 915 949 1010 1482 1671
917 13 605 1029 2304 2312
918 534 613 759 1256 1633 1914 3262
919 461 509 685 920 1227 1885
920 106 919 1111 1255 1326
921 209 289 317 1003 1133
922 322 558 709
923 225 226 244 328 355 692 693 695 813 961 1093 1146 1517 1537 1734 3708
924 85 2198
925 111 112 139 171 262 263 276 545 767 768 825 830 1349 1350 1455 1468 1529 2145 2175
926 400 1651 1666 2082
927 34 35 46 187 509 562 563 573 688 702 713 897 935 976 977 1154 1175 1234 1241 1326 1490 1650 1893 1898 2144
928 296 321 498 929
929 32 498 928 1126
930 11 417 931 1105 1435 1642 1771
931 340 930 1465 1773 2312 2408
932 112 189 548 830 1688 1738
933 198 401 446 552 553 759 994 1000 1140 1301 1694 1965 2076
934 46 212 392 393 482 517 613 719 822 1847 1975
935 34 46 187 423 508 509 562 563 927 1154 1234 1893 2367 2756
936 33 392 613 707 785 937
937 73 78 295 460 564 613 871 936 954 1021 1023 1061 1194 1235 1417 1428 1444 2729 3311 3315
938 102 130 187 250 251 283 297 298 340 387 431 505 538 713 897 1393 1490 1963
939 36 37 95 160 219 299 574 628 757 970
940 103 104 252 288 321 402 416 456 539 903 908 909 1033 1341 1643 1840 1992 3007 3271 3384 3444
941 134 135 258 556 660 664
942 146 147 465 541 1098 1520
943 69 471
944 36 37 160 364 365 450 503 786 1205 1313 1528 1536 2228 2320 2396 2494
945 946 1375 2316
946 5 183 945 1112 1113 1312 1443 1513 2188 2197
947 185 186 519 520 962 1066 1715 2365
948 444 513 514 596 614 615 646 753 2243
949 747 748 916 1482
950 635
951 401 553 654 655 676 759 787 818 1759 2314
952 419 953 1276 3990
953 852 855 952 1276
954 21 508 656 803 937 1257 1343 2042
955 956 3692
956 955 3283 3440 3581 3716 3844
957 461 1339 2282 2312
958 959 1462 1497
959 958 1344
960 874 975 2271
961 225 226 244 355 459 692 693 695 813 923 1093 1264 1517 1537 1734
962 185 186 210 519 520 947 1066 1715
963 12 40 88 216 488 590 690 1198 1231 1267 1641
964 535 536 1364 1498 1921
965 55 403 1242 2332
966 345 1286
967 358 2642 2688
968 52
969 134 290 291 389 556 902 1592
970 96 165 220 299 939 1189 1291 1997 2304 2408 2620
971 207 241 845 910 972 993 1145 1211 1527 1574
972 241 910 971 993 1145 1211 1527 3555
973 24 370 564 613 1021 1061 1194 1235 1421 2301
974 507 1518 1695 2195 2272
975 12 218 266 270 280 282 302 310 413 639 685 735 840 960 977 986 1055 1169 1185 1204 1255 1260 1388 1421 1531 1546 1547 1585 1617 1655 1702 1719 1789 1791 1831 2050 2068 2127 2137 2163 2181 2318 2364 2403 2406 2407 2408 2427 2490 2510 2538 2539 2581 2587 2591 2602 2621 2711 2749 2751 2761 2800 2832 2833 2856 2857 2880 2886 2958 2998 3124 3145 3243 3283 3333 3410 3421 3435 3480 3559 3569 3650 3678 3763 3934
976 34 46 927 977 1234
977 34 46 219 509 562 563 664 688 732 897 927 975 976 1154 1234 2697
978 247 248 469 470 1328 2827
979 34 35 46 179 187 280 346 388 398 562 573 702 703 980 1197 1585
980 102 293 573 979
981 160 192 373 438 673 982 1148 1153
982 192 373 673 981 1153 1878
983 277 278 364 833
984 111 523 524 561 819 1260 1367 1785 2010
985 412 986 1052 1528 1646 2312 2462
986 336 412 413 434 975 985 1051 1611 2176 2237
987 329 335
988 126
989 990 1064 1101 1102 1149 1263 1376 1439 1747
990 989 1101 1102 1149 1165 1376 1439 1474 1747 1879 2472
991 12 41 888 992 1090 1131
992 41 888 991 2347 3031
993 241 910 971 972 1145 1211 1527 2304
994 401 446 510 552 553 759 933 1000 1167 1301 1694 2076 2312 2692
995 475 525 1900 1936
996 997 1050
997 996 1050 1123 1461 3548
998 370 1509 2022 2093
999 90 117 423 633 1665 2942
1000 85 96 115 199 200 342 401 446 495 552 553 933 994 1150 1369 1461 1694 1775 2033 2202 2214 2242 2481
1001 160 299 1002 1511 3490
1002 532 533 862 1001 1603
1003 488 921 1488
1004 3
1005 622 657 666 675 788
1006 221 1250 1658 1777 1877
1007 310 1044 1157
1008 5 104 705 801 913 1400 1478 1762 1777
1009 58 264 536 1554 2687
1010 747 748 916 1024 1427 1482
1011 737
1012 3 117 194 1013 1370 1401 2180 3300
1013 544 604 1012
1014 160 1015 1674 2749
1015 1014
1016 143
1017 3 4 47 50 51 240 241 243 249 288 537 575 809 836 908 1615 2084
1018 147
1019 180 312 507 594
1020 3 482 1209 2602 3487
1021 39 509 587 937 973 1261 1281 2495
1022 102 2332 3356
1023 565 613 785 937 1258 1259 1314
1024 379 1010 1025 1427
1025 1024
1026 19 217 218 584 585 744 880 1077 1158 1223 1612 2596
1027 445 1674 1765 1797
1028 65 102 212 303 381 558 736 823 862 1217 1639 1795
1029 13 374 605 917 1030
1030 583 715 1029 2720
1031 176 196 363 366 378 379 665
1032 889 2034
1033 940 1034 1934 1935 2192
1034 21 22 74 75 207 420 422 1033 1168 1221 1257 1386 1959 2343 2648 2822 3033 3495 3516 3769 3866
1035 349 426 513 3679
1036 860 892 1135 1276
1037 687
1038 914
1039 112 905 1040 1283
1040 905 906 1039 1283 2108 2158 2513 2939
1041 124 160 669 1374 2586
1042 1043 1585
1043 71 104 852 1042
1044 11 41 310 389 464 487 887 1007 1157 1814 2681 3191
1045 114 233 577 612 1046 1715
1046 113 114 160 380 578 761 1045 1697 2375
1047 109 1048 1993 2054 2062
1048 109 117 406 435 1047 1318 1964 2062
1049 53 160 165 219 779 1425 1464 1574 1752 1929 2301 3207 3443
1050 996 997
1051 155 986 1052 1298 1328 1894 2557 3176
1052 412 413 434 985 1051 1611 1625
1053 13
1054 289 534 567 568 694 815 844 870 1076 1125 1418 2884
1055 975 1056 1623 1665 1919 2902
1056 1055 1114 1253 1579 1782 1933 2301
1057 394
1058 6 314 349 461 472 633 1228 1992 2042 2312 2942 3361
1059 20 650 651 758
1060 160 165 324
1061 33 167 268 286 345 613 707 937 973 1235 1343
1062 65 284 533 862 1464 2402 3787
1063 1064 1149 1747
1064 448 989 1063 1118
1065 165 299 302 2312
1066 185 210 520 612 947 962 1715
1067 1068 1551
1068 1067 2524
1069 583 1070 1791
1070 1069 1109
1071 684 890 1465 2105 3383
1072 135 164 258 259 559 660 664 1126 1594 2314 2420 2935 3035 3562 3701
1073 58 104 176 196 363 366 367 378 379 428 501 665 760 772 876 913 1096
1074 492
1075 3992
1076 209 289 447 752 844 1054 1343
1077 19 217 218 584 585 744 880 1026 1158 1222 1223 1612
1078 345 396 1156 1565
1079 170 644 1586 2929
1080 190 439 440 548
1081 152 153 233 451 521 721 722 1365
1082 324 2332
1083 198
1084 169 170 1125
1085 212 303 381 532 533 601 741 845 862 1680 1795
1086 394 395 1252 1361 1578 1678 2368 3921
1087 32 168
1088 173 484 543 1461 1551
1089 20 360 628 757 1203 1300 1909 2949 3179
1090 41 991 1398
1091 712
1092 157 586 1121 1266 2375 2447
1093 225 226 244 262 355 692 693 695 813 923 961 1264 1469 1517 1537 1734
1094 160 1095
1095 1094
1096 176 196 363 367 378 501 665 760 876 913 1073 1181
1097 857 1616
1098 58 147 465 942 1520 2657
1099 1205
1100 277
1101 989 990 1102 1376 1439 2418 3258
1102 989 990 1101 1165 1167 1376 2304
1103 212 284 285 342 532 741 829 1233 1461 1680 1711 1795 2153 2270 2273 2591 3456
1104 833 2687
1105 406 930 1106 1548 2004 2100
1106 1105 2189
1107 1108
1108 1107 1455
1109 207 1070 1110 1791 1933
1110 516 1109
1111 920 1151 1326 1327
1112 183 845 946 1113 1173 1312 3288
1113 32 183 866 946 1112 1443 1513 2188 2197 3454
1114 168 1056 1253 1451
1115 228 2143 2217 2278 3201
1116 272 2312 3156 3179 3186
1117 163 172 701 1136 1326 1817 3285
1118 173 207 448 1064 1474 1747
1119 742 805
1120 414 554 606 3117
1121 157 586 1092 1266
1122 435 1123
1123 997 1122 2177
1124 341 653 856 1274 1275 1616
1125 170 289 447 567 568 694 815 1054 1084 1860
1126 39 76 85 136 414 524 559 845 929 1072 1147 1211 1279 1298 1375 1413 1741 1764 1777 1933 1954 2347 2443 2567 2681 2721 2969 3205 3660 3870
1127 336 337 560 851 1326 1381 2401
1128 664 1129 2312 2332 2792 3432
1129 503 664 760 1128 1165 1326 2792 3773
1130 286 535 613 2255
1131 991 3665
1132 160 1680 2270 2696 3153
1133 921
1134 65 212 381 532 558 736 859 1299 1326 1411 1584 2154 2207
1135 606 860 1036 1202 1358 1811
1136 172 1117 1817 1925
1137 47 170 1874
1138 10 17 18 83 85 128 136 137 141 224 242 261 273 281 445 798
1139 36 1380 3236
1140 401 552 759 933
1141 1142 1416 1591 1681 2686
1142 781 1141 2019
1143 307 1144 1179 1180 1582
1144 1143 1179 1180 1582 3855
1145 386 910 971 972 993 1211 1527 3137
1146 308 309 374 483 549 569 755 774 923 1888
1147 321 1126 1148 1236 1273 1326 1764 2633
1148 981 1147 1236 1764 2025
1149 117 448 703 739 802 989 990 1063 1165 1361 1376 1408 1953 2011 2379 2633 3084 3158 3353 3424 3507 3598 3600 3690 3842 3861
1150 199 200 401 446 1000 1775 2202 2214 2481
1151 714 1111 1152
1152 714 1151
1153 192 373 673 906 981 982 1160 2413 2812
1154 34 46 117 423 508 509 562 927 935 977 1234 1326 2247
1155 323 577 1433 1641 2095
1156 56 85 294 396 512 665 1078 1499 1563 1565 1711
1157 310 1007 1044
1158 19 135 217 218 584 585 744 880 1026 1077 1612
1159 301 302 1391 2575 3624
1160 520 612 770 1153 1392
1161 762 1375 2304 3889
1162 745 1163 1410 2381
1163 135 845 1162 1354 2375
1164 5 6 318 1400 1445 1714 1762 3072
1165 106 219 297 448 990 1102 1129 1149 1376 1439 1879 2304 2472
1166 54 565 1243 1259 1511
1167 22 104 115 116 175 193 268 282 330 410 485 696 703 732 834 994 1102 1168 1238 1408 1678 1830 1959 2000 2204 2294 2354 2499 2517 2581 2590 2752 2830 2836 2918 2996 3008 3033 3092 3094 3167 3246 3274 3380 3627 3764 3788 3818 3914 3927
1168 21 22 71 104 115 175 193 330 834 1034 1167 1176 1210 1340 1386 1568 1657 1845 2152 2301
1169 437 975 1554 2312
1170 39 494 495 587 661
1171 1172
1172 160 1171
1173 26 845 1112 2035 3438
1174 111 372 494 865 1884
1175 34 46 187 508 509 713 897 927
1176 21 22 74 217 342 1168 1210 1257 1386
1177 336 337 559 851 1534 2713
1178 209 464 1981
1179 1143 1144 1180 1582 2332 2571 2614
1180 1143 1144 1179 1582
1181 176 196 363 366 367 378 414 501 665 760 876 1096
1182 1183 1326 1702 1872 2327
1183 160 233 1182 1702 2327
1184 582 2099
1185 88 417 418 589 590 879 975
1186 721 1766 2312
1187 96 124 245 246 322 445 574 607 647 1360 2233 2234
1188 72 73 496 613 839 906 1448 1553 1618 2347 2889
1189 757 970 1291 1292 1625
1190 432 433 1191
1191 432 433 1190
1192 207 566 1193 1266
1193 207 629 1192 2312
1194 165 937 973
1195 233 457 1841
1196 410 1197 1669 2094 2396 2961 2967 3217
1197 46 979 1196
1198 40 417 418 589 590 879 963
1199 91 92 120 160 1326 1533 1547 2296 2501 3626
1200 115 226 347 348 499 500 591 674 692 695
1201 406 1202 1277 1912
1202 665 845 1135 1201 1268 1305 2237 2408 2721 3173 3465
1203 44 515 1089
1204 98 248 975 2223 2437 2639 2715 2962 3156 3527 3541 3731
1205 170 389 665 944 1099 1300 1484 1814 2402 2601
1206 13
1207 8 687 855
1208 190 1827 2127
1209 414 1020
1210 21 22 74 1168 1176 1221 1257 1386
1211 233 241 910 971 972 993 1126 1145 1214 1527 2362 2494
1212 1213 1320 1638 1674 1731 1732
1213 1212 1638
1214 274 275 1211
1215 1216
1216 1215 1701
1217 212 381 532 756 862 1028 1218 3198
1218 450 1217 1237 1493 1496 1795 2444
1219 13 1220 1408 1949
1220 37 165 283 416 1219 1408 2375 3843
1221 21 22 302 1034 1210 1257 1340 1386 1568 1657 2152 3276
1222 19 217 218 585 744 1077 1223 2408
1223 19 217 218 584 585 744 880 1026 1077 1222 1612
1224 1225 1889 1968 2312 2725 3278
1225 845 1224 1889 1968 2725 3804
1226 390 427 614 615 618
1227 919 1228 1326
1228 390 461 633 1058 1227 3230 3724
1229 413 434 1473 1735 1894 2125 2208
1230 583 2241 2304
1231 12 40 963 3276
1232 118 599 794 1509
1233 65 212 285 381 532 533 829 835 862 1103 1254 2160
1234 34 46 187 508 509 562 563 620 688 702 703 713 897 927 935 976 977 1154 1241 1893 2130 2144 3210
1235 25 167 286 613 937 973 1061 1737 1744 2713 3097 3204
1236 347 1147 1148 1764
1237 212 532 1218 1680
1238 131 132 233 349 402 426 461 507 1167 1693 3373
1239 117 379 1240 1290 1814 3171 3196
1240 508 886 1239 1848 2003 2554 3494
1241 34 927 1234
1242 55 965 1243 1538
1243 245 656 1166 1242 1314
1244 1245
1245 389 1244 1814
1246 1247 3808
1247 1246
1248 908 1249 1822 1972
1249 36 908 1248 1822 1972 2166
1250 221 314 405 416 600 1006 1560 1877 1952 3608
1251 629 858 1554 1624
1252 394 1086 1678
1253 1056 1114
1254 6 117 219 389 1233 1255 1814 2375 2681
1255 6 117 920 975 1254 1260 1440 1477 1520 1540 2092 2409 2443 2452 2681 3718
1256 389 559 814 918 1260 1421 1744 1814 1935 2025 2443 2742 3131
1257 21 22 71 74 602 954 1034 1176 1210 1221 1386 1572 1959
1258 1023 1259 1314
1259 468 687 785 793 1023 1166 1258 1314 1792 1921 3907
1260 111 160 411 499 523 524 561 819 830 975 984 1255 1256 1424 1426 1546 1785 1994 2010 2060 2106 2247 2367 2634 3419
1261 39 149 696 1021 1602 2630 2877 3488
1262 1263 1640
1263 166 768 843 989 1262 1791 3589 3856
1264 244 355 692 961 1093
1265 848
1266 157 566 586 1092 1121 1192
1267 40 219 577 963 1304 3373 3519
1268 1202 1736 2314
1269 93 118 2040 2156 2375 2491 3147
1270 7 84 1375 1636
1271 1272 2102 2138 3849
1272 1271 2102
1273 102 544 845 1147 1298 1399 1413 1764 2237 2301 3494
1274 212 284 285 342 508 532 653 741 856 905 1124 1275 1616 1851 1920 2573 2679
1275 136 342 741 1124 1274 1429 1616 1655 1754 2624 2679 3172
1276 334 855 952 953 1036 1562
1277 406 1201
1278 706 1279 3767
1279 706 1126 1278 1627 2913 3580
1280 190 2312
1281 104 176 229 287 366 414 725 790 832 876 1021 1286
1282 405 2046
1283 905 906 1039 1040 1495 2158 2235 2513 3995
1284 414 606
1285 61 1442
1286 105 170 367 374 378 734 737 781 966 1281 1769 1808
1287 1288 1909 1910
1288 1287
1289 36 160 436 718 1355
1290 17 18 83 128 137 141 224 242 261 273 445 1239 1581
1291 970 1189 1292 1580 1665
1292 481 1189 1291 1625
1293 1294
1294 1293
1295 780 1296
1296 170 1295 1416 3604
1297 349 402 426 461 1485 1933
1298 71 154 155 459 471 563 574 797 852 1051 1126 1273 1347 1534 1814 3658
1299 381 532 859 1134 1411 3366
1300 160 460 568 911 1089 1205 1326 3170
1301 401 552 933 994 1694 2304
1302 187 1448
1303 85 591
1304 77 88 576 1267 1332
1305 839 1202 1386 1728 1915 2055
1306 1307
1307 1306
1308 507 1522 2578
1309 1310 1326 1716
1310 173 1309 1716
1311 52 64 67
1312 183 946 1112 1371 1443
1313 37 161 165 219 220 365 450 593 724 944 1575 2336 2543
1314 874 1023 1243 1258 1259
1315 1316 1992
1316 665 845 1315
1317 173 1318 2066 3555
1318 117 1048 1317
1319 203 235 716 2332
1320 1212
1321 346 1479 1508 2326
1322 117 389 649 1814
1323 204 205 1324 2126
1324 1323 2304
1325 855
1326 6 17 23 106 107 161 219 328 383 389 466 482 489 503 547 559 664 701 796 846 859 920 927 1111 1117 1127 1129 1134 1147 1154 1182 1199 1227 1300 1309 1327 1375 1421 1627 1647 1694 1811 1814 1933 1935 1938 2163 2200 2214 2356 2472 2550 2641 2693 2697 2727 2832 2836 2889 3112 3476 3535 3846 3919
1327 1111 1326 1713
1328 89 202 247 248 469 470 978 1051 2569
1329 104 2071
1330 1331 2312
1331 1330 2643 2808 3272
1332 13 77 88 160 576 1304 2971
1333 656 3931
1334 165 602
1335 403 536 650 651 758
1336 1337 2312
1337 198 576 1336
1338 874 2312
1339 129 350 732 957 1352 1367 1434 1505 1531 1852 2000 2103 2582 2960 3029
1340 22 282 1168 1221 1341 1386 1476 1568 1595 1657 1845 2152 2312 2520
1341 940 1340 1386 1568 1595 1845 2304 2312
1342 489
1343 319 389 752 954 1061 1076 1510 2312
1344 959 1345 1462 1665 2139
1345 1344 2586
1346 12
1347 155 552 574 1298 1604 3903
1348 201 267 324 664 736 773 845 1519 1627
1349 111 112 139 171 262 263 276 545 767 768 825 830 925 1350 1366 1529 1774 2145 3118 3863
1350 112 139 171 262 276 334 346 545 767 768 825 830 925 1349 1366 1376 1455 1468 1529 1651 1774 2285 2304 2409
1351 295 498
1352 1339 1353 1470 2605
1353 1352
1354 745 1163 3078 3079
1355 1289 2629 3455 3566
1356 165 1756 1788 1897 2256
1357 11 12 443 691 710 888 3999
1358 93 1135 3147 3373 3726
1359 117 389 2409 2437
1360 125 1187
1361 394 1086 1149
1362 1363
1363 1362 1597
1364 964 1498 2332 2677 2697 2838 3482
1365 152 153 1081 1406 2023
1366 139 171 229 262 276 334 346 372 767 825 830 1349 1350 1468
1367 207 984 1339
1368 345 386 839
1369 13 446 1000 1543
1370 3 194 544 604 1012 1401 2180 2332 2737 3981
1371 1312
1372 170 1373 1630 1848
1373 1372
1374 124 669 845 890 1041
1375 64 129 170 171 176 196 218 266 363 367 379 464 501 574 619 665 693 760 772 790 803 876 913 945 1126 1161 1270 1326 1433 1565 1627 1647 1967 1992 2023 2037 2063 2189 2297 2314 2351 2401 2597 2617 2620 2641 2658 2674 2695 2712 2776 2784 2794 2853 3008 3184 3357 3365 3427 3505 3537 3648 3847 3892
1376 989 990 1101 1102 1149 1165 1350 1474 1933 2033
1377 894 1378 1437
1378 412 518 763 805 1377 1611 1625 2816
1379 28 29 181 331 384 559 714 730 1559 2675
1380 1139 1430 2045 2101
1381 117 559 560 1127 1534 1622 2293
1382 87 206 1821
1383 102
1384 1385 2821
1385 845 1384 2312
1386 21 22 74 1034 1168 1176 1210 1221 1257 1305 1340 1341 1476 1568 1595 1657 1845 1896 1959 2152 2332 2520 2710
1387 1388 1571
1388 975 1387 1712 1891
1389 1390 1444 3346
1390 207 1389 1713
1391 301 302 1159
1392 349 402 426 1160 1485
1393 102 130 250 251 298 354 387 431 504 508 538 644 938 1526 1616 2143 2273 2951
1394 160 233 764
1395 160 640 641 726
1396 1397 2170 2171 2312 3057
1397 1396 3057
1398 12 117 1090 1622 2856 2896
1399 1273 
