1400 5 1008 1164 1762
1401 3 613 1012 1370
1402 345 1403 2312
1403 1402 2295
1404 272
1405 17 18 445 509 1524 3112
1406 712 850 851 1365 2128
1407 42 43 144 863
1408 1149 1167 1219 1220
1409 754 1410 1850 2580
1410 1162 1409 1686 2375
1411 65 212 532 736 1134 1299
1412 6 826 855 1907
1413 195 196 781 1126 1273
1414 665 1415
1415 1414
1416 114 1141 1296 1591 1681 1986
1417 613 937 1444 1509
1418 1054
1419 1420 1994 2022 3281 3505
1420 1419
1421 78 87 206 220 389 450 559 638 664 973 975 1256 1326 1814 1865 2023 2375 2409 3204
1422 1423 2950
1423 1422 2523 3411
1424 111 160 523 524 561 1260 1426 1785 1994 2010 2060 2106 2304
1425 233 1049
1426 111 524 1260 1424 2743
1427 1010 1024
1428 233 937 1780 2088 2312
1429 187 342 1275
1430 1380 1431 1483 1724 2045 2101
1431 1430 1483 1724 2045
1432 62 458
1433 547 1155 1375 1884 2328 2950 3321
1434 160 198 1339
1435 11 338 930
1436 160 488 577 3420
1437 864 1377 2324
1438 167 209
1439 989 990 1101 1165 1879 3209
1440 1255 1441
1441 117 611 665 1440
1442 61 96 765 1285 2193 2263
1443 13 183 845 866 946 1113 1312 1513 2188 2197 2716
1444 937 1389 1417 1457 2332
1445 5 6 1164 1714
1446 1447
1447 1446
1448 187 1188 1302 1449 2392 2459 2472
1449 34 117 187 1448 1490 2375
1450 117 299
1451 1114
1452 327
1453 613
1454 140
1455 112 139 233 262 263 346 825 830 925 1108 1350 1529
1456 507 700 701 846 847 1575 1783 1793 2375
1457 173 1444
1458 187 188 340 466 703 713 897 1506 1963 2721
1459 511 638 1766 1814 2543
1460 40 2312 2531 3393
1461 117 158 170 220 521 997 1000 1088 1103 2165 2187 2208 2228 2260 2261
1462 958 1344
1463 104 416 650 651 1494 1644 1796 1907 1911
1464 1049 1062
1465 931 1071
1466 117
1467 345 839 1605
1468 112 139 171 262 263 276 545 768 825 830 925 1350 1366 1529 1774 2145
1469 225 355 470 1093 1517 1734 2829 3949
1470 1352
1471 1472
1472 650 1471
1473 412 434 493 1229
1474 448 449 990 1118 1376 1747 2304
1475 3
1476 626 1340 1386 1568 1595 1657 1845 1896 2152 2520
1477 6 389 1255 2387
1478 1008 2312
1479 906 1321 1480
1480 1479
1481 849 1617 1698 2453
1482 747 748 915 916 949 1010 1671
1483 233 1430 1431 1724 2045 2101 2631
1484 117 389 1205
1485 32 1297 1392
1486 776 777
1487 104 193 781 834
1488 209 1003 2843
1489 11 12
1490 34 130 187 251 298 359 431 562 703 713 897 927 938 1449 1883 2150
1491 1492 2282 2346 2357 2907 3055 3503
1492 1491 2907 3055 3503
1493 207 1218 1806
1494 117 653 1463 1907
1495 905 1283
1496 1218 1795
1497 422 958
1498 233 964 1364 2677
1499 51 56 85 294 396 512 684 1156 1563 1565 1711 1726
1500 581 649 843 1696
1501 145 670 1502 1557 1563
1502 1501 1563
1503 3
1504 65 212 218 532 533 691 741 1621 1680
1505 524 1339 2010
1506 187 1458
1507 124 631 632 740 2332
1508 222 1321
1509 370 998 1232 1417 1838
1510 389 1343
1511 54 78 117 1001 1166 1717 2019
1512 4 836 1789
1513 183 893 946 1113 1443
1514 41 338 2675
1515 234 902
1516 3 74 396 1951
1517 225 226 244 246 355 692 693 695 813 923 961 1093 1469 1537 1734
1518 201 507 974 1695 2272
1519 267 324 773 1348
1520 146 147 541 942 1098 1255
1521 236 494 661
1522 1308 1814
1523 1524 3542
1524 1405 1523
1525 187 1953 2149
1526 102 250 387 504 505 1393
1527 910 971 972 993 1145 1211
1528 37 160 364 365 450 786 944 985
1529 111 112 171 262 276 545 613 767 768 825 830 925 1349 1350 1455 1468 2145
1530 117 220 389
1531 844 975 1339 1922
1532 198 488 1641 2312
1533 1199 2312
1534 117 336 408 560 845 1177 1298 1381 2237 2371 2375 2408 2814
1535 827 828 1656
1536 37 450 944
1537 225 226 244 355 692 693 813 923 961 1093 1517 3550
1538 55 810 1242
1539 41 117 2355
1540 1255 2458
1541 1542
1542 1541
1543 102 218 342 446 1369 1544 2932
1544 65 1543 1561
1545 1546 1737 1849 2025
1546 117 975 1260 1545 1654
1547 120 121 160 975 1199
1548 167 209 317 1105 1814 1882
1549 1550
1550 1549
1551 244 484 1067 1088 3677
1552 683 828
1553 613 1188 2515
1554 117 264 265 1009 1169 1251 1720
1555 730
1556 102 845 2304
1557 1501 1563
1558 197 198 2796 3761
1559 28 29 181 331 384 730 1379 3359
1560 1250 1561
1561 1544 1560
1562 535 1276 2409
1563 160 396 1156 1499 1501 1502 1557 2375
1564 479 2317
1565 56 85 294 396 512 1078 1156 1375 1499 1711 1726
1566 289 460
1567 243 1568
1568 22 1168 1221 1340 1341 1386 1476 1567 1595 1657 1845 1896 2152 2520
1569 322
1570 2019
1571 1387 1949 2042
1572 193 908 1257
1573 579 3228
1574 299 971 1049 1929 2434 3045
1575 166 554 700 701 847 1313 1456 1783 1793 2367 3094 3298
1576 900
1577 444 646 1763 2167 3770
1578 56 394 395 665 1086 2873
1579 1056
1580 1291
1581 10 18 83 128 136 137 141 166 224 242 261 273 445 1290
1582 349 461 1143 1144 1179 1180
1583 138 1772 3062 3174
1584 65 558 736 859 1134 2019 2304
1585 35 388 573 975 979 1042
1586 1079 1587 2636
1587 1586 1745 2042
1588 142
1589 310
1590 117 389 664 2409
1591 117 220 233 1141 1416 1681
1592 160 291 969 2523 2911 3077 3306 3801 3878
1593 71 104
1594 1072 1727 2381
1595 22 626 1340 1341 1386 1476 1568 1657 1845 1896 1989 2152
1596 279 1597 2093
1597 3 22 1363 1596 2020 3756
1598 198
1599 1600 2191
1600 774 1599 2245 3425 3442 3551
1601 102
1602 206 1261
1603 212 381 533 829 862 1002
1604 207 1347 2312
1605 170 1467 1606 2375
1606 1605 2503
1607 613 2301
1608 58 117 220 389 2372 2409
1609 342 742 824 1610 1711 1729 1754 1841 1886 1982 2157 2159 2205 2468 2591 2980
1610 1609 1805 1886 1982 2157 2205 2468 2980
1611 246 412 986 1052 1378 2237
1612 19 102 207 217 218 584 585 744 880 1026 1077 1158 1223 2247
1613 358
1614 234 291 556 1615 1616 2203 2932
1615 1017 1614
1616 13 160 353 653 665 856 857 883 1097 1124 1274 1275 1393 1614 1982 2143 3457
1617 975 1481 2375
1618 525 1188 2028
1619 1620
1620 1619 1967 2312
1621 302 1504 1758 3011
1622 389 1381 1398 1623 1865
1623 1055 1622 2312 3440
1624 1251 2312
1625 412 1052 1189 1292 1378
1626 17 322 1949
1627 6 39 128 425 460 487 559 665 689 845 1279 1326 1348 1375 1702 1773 1957 2005 2019 2301 2408 2553 2721
1628 402 577
1629 299 903
1630 1372 3946
1631 299 903 1632
1632 1631 1900 2038
1633 643 814 918 1789 2576
1634 48 49 78 191 410 853 2312 2431
1635 338 443
1636 1270
1637 234 1996 2375 3343
1638 190 1212 1213 1731 1732 2000
1639 65 212 381 823 862 1028 2154 3616
1640 327 1262 2304
1641 209 317 323 963 1155 1532 1853
1642 11 665 685 930
1643 85 100 940 1885 1916
1644 20 117 353 359 360 1463 1796 1798 1911 2103 2146 2150 2162
1645 872
1646 170 985 3404
1647 770 771 1326 1375 1739 2604 3071
1648 1649
1649 1648
1650 34 187 897 927
1651 400 926 1350
1652 41 763 1844 2409
1653 42 507 692
1654 389 1546 1655
1655 117 207 551 975 1275 1654
1656 346 827 1535 2934
1657 22 1168 1221 1340 1386 1476 1568 1595 1845 1896 2152 2312 2520
1658 221 1006 1777
1659 207 1660
1660 1659
1661 32 168
1662 12
1663 636 637
1664 13 3913
1665 98 117 220 322 429 999 1055 1291 1344 2516 3833
1666 509 926 1667 1887 3625
1667 402 1666 2003 3226
1668 310
1669 18 46 359 360 620 702 703 897 1196 1798 1883 2103 2146 2150 2162 3277
1670 507 2304
1671 459 747 748 916 1482
1672 649 845 1673 2016 2408
1673 1672
1674 457 1014 1027 1212 1875 2312 3982
1675 93
1676 255
1677 189 427 2363
1678 394 395 1086 1167 1252
1679 848
1680 212 284 285 303 381 532 533 741 829 862 1085 1103 1132 1237 1504 2143 2199 2207 2241 2270
1681 1141 1416 1591
1682 88 1683
1683 1682 2390 3616
1684 170 1685 2312 3834
1685 1684 2375
1686 496 1410
1687 3 93 2286
1688 13 605 652 665 724 932 3173
1689 613 731 814 1868
1690 198 338
1691 160 456 617 845 2375
1692 117 220 389 2240
1693 612 1238
1694 401 446 552 759 845 933 994 1000 1301 1326 1777 1965 2076 2312
1695 507 974 1518 2272 2312
1696 649 910 1500
1697 1046
1698 848 1481
1699 1700 1829
1700 117 1699 1829 2501
1701 1216
1702 351 975 1182 1183 1627 1703 1935 2034 2447 2536 2601 2644 2653 2723 2808 2997 3196 3202 3405 3612 3616 3621 3699 3936 3958
1703 1702 3212
1704 1705
1705 1704
1706 310
1707 97
1708 170
1709 99
1710 24 209
1711 396 665 742 824 905 1103 1156 1499 1565 1609 1754 1768 1805 1841 2159 2452
1712 650 1388 1713 1823
1713 180 444 1327 1390 1712 2312 2495 2673
1714 1164 1445
1715 185 360 519 520 947 962 1045 1066
1716 1309 1310 1849 2329
1717 170 1511 1849
1718 1719
1719 975 1718 2561
1720 264 265 1554
1721 13
1722 165
1723 345
1724 1430 1431 1483 2045 2101 2314
1725 430 2312
1726 396 1499 1565 2312
1727 13 1594 1807 2817 3640
1728 1305 2803
1729 342 743 1609 1841 2159 3172
1730 93 160
1731 190 689 893 1212 1638 2030 2312
1732 1212 1638
1733 474 597 598 616 617 885
1734 85 225 226 244 355 400 692 693 695 813 923 961 1093 1469 1517 2267
1735 906 1229 2176 2221 2264
1736 117 1268
1737 1235 1545 1863 2025
1738 334 932
1739 224 757 1647
1740 707
1741 725 1126
1742 150 151
1743 310 3451
1744 93 613 1235 1256 2312 3173
1745 1587 1943 2237 2312 2359
1746 107 252 382
1747 448 989 990 1063 1118 1474
1748 217 361 1927
1749 1750 2140
1750 1749
1751 460
1752 577 1049
1753 394 395 2879
1754 742 905 1275 1609 1711 1841 2159 2205 2210 2840
1755 104 116 2855
1756 351 1356 2256
1757 419 2726
1758 508 741 1621 1995 2160
1759 553 654 655 676 787 951 2675
1760 190
1761 215 386 546 907
1762 5 6 93 1008 1164 1400 2237 2388
1763 444 1577 2167
1764 1126 1147 1148 1236 1273 2446
1765 1027
1766 165 511 800 1186 1459 1814
1767 207 208 535 613 776
1768 742 905 1711 1805 1841 1886 2159 2332
1769 229 1286
1770 796
1771 930 2697
1772 1583
1773 338 931 1627
1774 112 139 171 262 276 767 768 825 830 1349 1350 1468
1775 115 199 401 446 1000 1150 2202
1776 900
1777 221 1006 1008 1126 1658 1694 2229 2331 2446 2497 2583 2605 2641 2657 2664 2977 3536 3712
1778 3 160 165 2408
1779 149 233 450
1780 369 1428
1781 93 2309
1782 1056
1783 219 700 701 846 847 1456 1575 2332
1784 23
1785 111 523 524 561 819 984 1260 1424 2010
1786 160 1787 2714
1787 117 389 846 1786 2290 2784
1788 1356 1897 2304
1789 975 1512 1633 1790
1790 1789
1791 698 975 1069 1109 1263
1792 468 496 1259
1793 700 701 846 847 1456 1575 2301
1794 77 470 508 509 897 3265
1795 212 284 381 532 533 601 862 1028 1085 1103 1218 1496 2199
1796 220 359 1463 1644 1883 1911 2301
1797 496 1027 2185
1798 220 359 360 620 702 703 1644 1669 1883 2103 2146 2150 2162 3277
1799 811
1800 518 2227
1801 308 374 483 549 569 613 755
1802 187
1803 839
1804 742 1805
1805 342 742 905 1610 1711 1768 1804 2229 2375
1806 117 389 1493 1902 1941 2208 2518
1807 395 843 1727 1942 3095 3192
1808 781 1286
1809 353
1810 117 220
1811 1135 1326 2312
1812 113 578
1813 458 658 680
1814 17 182 339 511 546 547 638 1044 1205 1239 1245 1254 1256 1298 1322 1326 1421 1459 1522 1548 1766 2163 2228 2390 2409 2458 2645 2819 2872 3016 3118 3463 3768
1815 796
1816 13
1817 163 171 172 387 1117 1136 1925
1818 99 2896
1819 327 845 1820 3613
1820 1819
1821 757 1382
1822 908 1248 1249 1972 2166 3484
1823 160 1712
1824 85 626 650 908 2401 2892
1825 371 2304 2968
1826 770
1827 1208
1828 117 389
1829 1699 1700
1830 71 104 175 193 485 665 834 1167 2204
1831 58 313 975
1832 117 664 2409
1833 402 2312
1834 207 1835
1835 1834
1836 345 1837
1837 160 1836
1838 1509
1839 88 560 2294 2332
1840 462 762 940
1841 342 742 824 905 1195 1609 1711 1729 1754 1768 1948 1982 2063 2159 2301 3308
1842 450 1843
1843 1842
1844 702 1652
1845 1168 1340 1341 1386 1476 1568 1595 1657 1896 2152 2520
1846 848
1847 934 2073
1848 77 117 246 408 1240 1372
1849 184 1545 1716 1717 2570
1850 262 1409 1851 2317
1851 1274 1850 2451 2573 3308
1852 3 1339
1853 24 160 1641
1854 190 3975
1855 13 14 2312
1856 902
1857 115 117 347 348 499 500
1858 142 143
1859 766 775
1860 169 170 1125
1861 1862 2388
1862 1861
1863 794 1737
1864 515 2312
1865 310 1421 1622 2178 2249 2329
1866 324 1867 2375 3305
1867 398 1866 2301
1868 613 1689
1869 770
1870 543 1872
1871 319 780 2536
1872 219 1182 1870
1873 804
1874 170 426 1137 3036 3436
1875 1674 2024 3513
1876 345
1877 221 644 1006 1250
1878 982
1879 990 1165 1439
1880 230
1881 52 53 64 67 711
1882 117 160 383 389 1548 2327
1883 359 360 702 703 1490 1669 1796 1798 2103 2146 2150 2162 3277
1884 1174 1433
1885 830 919 1643 1916
1886 342 905 1609 1610 1768 1982 2157 2205 2468
1887 1666
1888 308 374 375 483 569 774 1146
1889 3 1224 1225
1890 37 41
1891 1388 2497
1892 371
1893 34 46 187 927 935 1234 2304
1894 797 1051 1229 2019
1895 232 233 556 557 1941
1896 1386 1476 1568 1595 1657 1845 2152
1897 351 1356 1788 2256
1898 46 927
1899 328
1900 299 995 1632
1901 781
1902 1806
1903 394 395 3331
1904 1905
1905 1904
1906 833
1907 3 104 1412 1463 1494
1908 165 299 481 2496
1909 1089 1287 1910
1910 1287 1909
1911 651 758 1463 1644 1796
1912 11 36 290 1201 3880
1913 404 570 639 2198
1914 233 460 470 817 918 3073
1915 1305
1916 1643 1885 2375 2672
1917 414 2312
1918 289 3518
1919 98 462 762 789 874 1055
1920 65 212 1274
1921 964 1259 2417
1922 338 1531 2312 3095
1923 97 488 605 3684
1924 3052
1925 163 172 1136 1817
1926 656
1927 217 361 1748
1928 170
1929 1049 1574 1930 2694 2908
1930 1929
1931 12
1932 68
1933 129 156 183 252 332 339 629 696 1056 1109 1126 1297 1326 1376 2214 2312 2375 2415 2459 2510 2579 2641 2781 2801 2811 3092 3274 3312 3332 3391 3530 3578 3736 3836 3964
1934 1033 1935 2168 2192 2349 2394 2833 3122 3344
1935 1 321 450 617 681 803 1033 1256 1326 1702 1934 2168 2192 2228 2262 2301 2349 2394 2440 2494 2505 2545 2612 2833 2889 2956 3160 3178 3344 3435 3561 3664 3766
1936 995
1937 292
1938 724 1326 2583
1939 170
1940 534 543 2011
1941 1806 1895 3302
1942 1807 2021
1943 1745
1944 1945 2729
1945 845 1944
1946 92 832
1947 55
1948 742 824 1841 2063 2159 3308
1949 164 335 1219 1571 1626 2038 2569 2982 3184 3350 3575 3963
1950 165
1951 1516
1952 1250 2110 3739
1953 187 1149 1525 2149
1954 419 504 505 1126 2304 2312 2507 2635 3014 3016 3517
1955 1956 3696
1956 1955 2332
1957 1627 1958 3974
1958 17 833 1957
1959 21 104 193 834 1034 1167 1257 1386 2204 2493
1960 328
1961 170 2375
1962 324 2201
1963 130 187 188 251 340 466 703 713 897 938 1458 2149 2315
1964 109 1048 2062 2439 2849
1965 552 933 1694 2883
1966 405 2046
1967 496 1375 1620
1968 160 1224 1225 2123
1969 1970
1970 1969
1971 785
1972 233 908 1248 1249 1822 2029 2166 2599 2943
1973 1974
1974 1973 2304
1975 117 664 934
1976 1977 2001
1977 831 1976 2187 2226 2238 3978 3991
1978 233 371 2375
1979 13 117 2312 3148
1980 1981
1981 1178 1980 3829
1982 342 742 1609 1610 1616 1841 1886 2157 2159 2205 2468 2980
1983 313 2174
1984 3 414 2237
1985 98 2596
1986 906 1416
1987 1988 2109
1988 1987
1989 233 1595 1990 2098
1990 1989
1991 117 734 2596
1992 633 940 1058 1315 1375 2579 2872 2959
1993 106 362 1047 2077
1994 111 523 524 1260 1419 1424 2010
1995 1758 3011
1996 1637
1997 317 970
1998 1999 2312 3668
1999 117 1998
2000 190 207 1167 1339 1638
2001 1976 2347 3199
2002 321
2003 170 389 1240 1667 2312
2004 110 1105
2005 170 1627 2157 3724
2006 2007
2007 2006
2008 170 831 2413 2938
2009 388
2010 111 523 524 561 984 1260 1424 1505 1785 1994 2106 2815
2011 1149 1940
2012 131
2013 2014 2540 3286
2014 2013 2301
2015 2016
2016 1672 2015
2017 109 405
2018 2019
2019 664 842 1142 1511 1570 1584 1627 1894 2018 2301 2304 2344 2362 2625 2688 2803 2965 3022 3187 3321 3478 3500 3733 3925
2020 207 1597 2194 2592 2743 3095 3146 3352
2021 1942
2022 1 998 1419 2283 2284
2023 1365 1375 1421
2024 11 1875
2025 1148 1256 1545 1737 2530
2026 389
2027 4 665 2375
2028 1618 2332 2558
2029 58 170 1972 2314
2030 1731
2031 117 220 389 2409 3785
2032 117 389 2409 3261
2033 199 200 446 509 540 1000 1376 2214 2991
2034 1032 1702
2035 1173 2304
2036 414
2037 1375
2038 1632 1949 2039 3095
2039 472 2038 2111
2040 534 902 1269
2041 389 3685
2042 15 109 314 508 735 742 790 889 954 1058 1571 1587 2401 2637 2753 2911 2981 2998 3005 3153 3253 3386 3449 3453 3489
2043 2044 2675
2044 2043
2045 1380 1430 1431 1483 1724 2101
2046 1282 1966
2047 613
2048 2049 2366 3013 3101
2049 2048 3013 3101
2050 975 2301 2700
2051 160 435 3575
2052 98 201 3676
2053 253 845 3176
2054 1047 2443 2757 2824
2055 1305 2179 2186 2312 3771
2056 303
2057 142 659
2058 68 361 2332
2059 396 781
2060 111 523 524 561 1260 1424
2061 198 2312
2062 109 1047 1048 1964
2063 824 1375 1841 1948 2159 3140 3295 3308 3752
2064 807
2065 102 2529
2066 1317 2408
2067 55 681
2068 117 220 975
2069 2070 3637
2070 2069 3637
2071 1329 3250
2072 897
2073 1847
2074 659
2075 709 2375
2076 509 553 759 933 994 1694
2077 362 1993
2078 355 716
2079 2080
2080 2079
2081 161 2804 3452
2082 926
2083 622 2312
2084 4 240 241 836 1017
2085 38 39 237 495 587
2086 2087
2087 2086
2088 750 857 1428 2976
2089 797
2090 310 2729
2091 230 2304
2092 722 1255 3937
2093 998 1596
2094 557 902 1196 2848
2095 1155
2096 515
2097 8
2098 1989
2099 117 1184
2100 1105
2101 1380 1430 1483 1724 2045
2102 104 117 834 1271 1272
2103 4 359 360 703 1339 1644 1669 1798 1883 2146 2150 2603 3277
2104 321
2105 890 1071 3715
2106 77 111 523 524 1260 1424 2010 3023
2107 810
2108 160 165 302 665 905 906 1040 2375 3027 3377
2109 1987
2110 430 742 1952
2111 489 2039 2267 2385
2112 2113 2312
2113 2112
2114 310 2314 2349
2115 317 2312
2116 354
2117 441
2118 2119 3798
2119 2118
2120 685 2298 3985
2121 209 2911 3191
2122 170
2123 314 1968
2124 32 168 2301
2125 1229 3563
2126 1323
2127 975 1208
2128 1406 2926
2129 839 2312 3753
2130 34 1234
2131 252
2132 170
2133 2390 2498 2824 3194 3385
2134 2135
2135 845 2134
2136 518
2137 975
2138 246 629 630 756 1271 2139 2573 3686
2139 108 160 233 1344 2138 2345 2375 2837
2140 1749
2141 2142 2169 2196
2142 2141 2169 2196 3727
2143 353 354 1115 1393 1616 1680
2144 34 46 713 897 927 1234
2145 112 262 768 825 830 925 1349 1468 1529 2175
2146 359 360 1644 1669 1798 1883 2103 2162 3277
2147 2148 2185 2281
2148 2147
2149 187 466 703 1525 1953 1963 2312
2150 359 360 703 1490 1644 1669 1798 1883 2103 2162 3277
2151 287 876
2152 22 282 1168 1221 1340 1386 1476 1568 1595 1657 1845 1896 2520
2153 212 741 862 1103
2154 65 212 381 532 558 736 1134 1639 2796
2155 381 532 862 2156 2241 2273
2156 381 741 829 1269 2155 2332 3282
2157 342 1609 1610 1886 1982 2005 2205 2980
2158 905 906 1040 1283 2748
2159 342 824 1609 1711 1729 1754 1768 1841 1948 1982 2063 2301 3308
2160 381 532 533 741 1233 1758
2161 354 828 2172 2336
2162 224 359 360 702 703 1644 1669 1798 1883 2146 2150
2163 117 160 372 975 1326 1814 2164 2181 2408 2409 2443
2164 2163 2181
2165 96 1461 2203
2166 1249 1822 1972
2167 1577 1763 2429
2168 1934 1935 2192 2262 2505
2169 2141 2142 2196 2919
2170 1396 2171
2171 728 1396 2170 2301 3057
2172 384 536 2161 2336
2173 233 246 2233 2234
2174 1983
2175 112 139 171 262 263 276 825 830 925 2145
2176 412 986 1735
2177 1123
2178 88 1865 2213 2249 3998
2179 2055 2186
2180 1012 1370 2891
2181 628 678 975 2163 2164 2186 2443 3263 3813
2182 2183 2220 2252
2183 845 2182 2220 2252
2184 2185 2634
2185 1797 2147 2184
2186 2055 2179 2181 2209 2304 3832
2187 831 1461 1977 2226 2238 3978 3991
2188 183 946 1113 1443
2189 1106 1375 3060 3387 3915
2190 2191
2191 1599 2190
2192 1033 1934 1935 2168 2349 2505 2612 2956 3160 3344 3435 3561 3766 3796
2193 96 1442 2416
2194 2020 2592 3146 3352
2195 974
2196 2141 2142 2169 2232 3987 3994
2197 946 1113 1443 2375
2198 355 446 483 570 924 1913 2230 2974 3251
2199 65 207 212 285 381 532 829 1680 1795
2200 1326
2201 324 1962
2202 199 200 233 401 446 1000 1150 1775 2214 2332 2481 2729
2203 212 558 1614 2165
2204 22 104 193 330 485 834 1167 1830 1959
2205 342 1609 1610 1754 1886 1982 2157 3290
2206 3 2237
2207 284 532 533 741 829 1134 1680 2675
2208 1229 1461 1806
2209 177 2186
2210 905 1754
2211 5
2212 96
2213 2178 3998
2214 115 199 200 446 1000 1150 1326 1933 2033 2202
2215 2216 3260
2216 2215
2217 1115
2218 2219 2245
2219 629 2218 2245 3950
2220 2182 2183
2221 370 1735
2222 104 193 834
2223 96 427 1204 3557
2224 2225
2225 2224 2301
2226 831 1977 2187 2238 2312 2375 3978 3991
2227 1800
2228 6 944 1461 1814 1935 2267 2374 2409 3980
2229 136 560 644 883 1777 1805 4005
2230 2198 2974
2231 2232 3986 3993
2232 698 2196 2231
2233 246 1187 2173 2234
2234 246 1187 2173 2233
2235 322 1283 2375
2236 2237 2814
2237 208 283 469 791 796 986 1202 1273 1534 1611 1745 1762 1984 2206 2236 2321 2337 2356 2388 2448 2668 2776 2790 2860 2957 2967 3015 3140 3196 3217 3786 3824
2238 831 1977 2187 2226 3978 3991
2239 233 2240 3093
2240 845 1692 2239
2241 212 285 532 533 661 1230 1680 2155
2242 117 1000 2944
2243 514 614 615 948
2244 41 888
2245 1600 2218 2219
2246 826
2247 117 693 806 1154 1260 1612 2248
2248 2247 2903
2249 1865 2178
2250 2251
2251 2250
2252 2182 2183
2253 508
2254 32 390 884
2255 577 1130 2505 3160
2256 1356 1756 1897
2257 2258
2258 2257
2259 521 845 3372
2260 1461 2624
2261 1461
2262 1935 2168
2263 263 1442 3490
2264 1735
2265 2266
2266 165 2265
2267 182 450 1734 2111 2228 2268 2367 2431 2875
2268 2267
2269 190
2270 532 1103 1132 1680
2271 960
2272 974 1518 1695
2273 212 845 1103 1393 2155
2274 2275 3168 3668
2275 2274
2276 665 2277
2277 2276
2278 1115
2279 2280
2280 2279
2281 2147
2282 160 957 1491
2283 2022 2284
2284 2022 2283
2285 1350
2286 145 1687
2287 427
2288 3
2289 3
2290 839 1787 2314 2609
2291 32 168 845 2571
2292 168
2293 88 1381 2294
2294 1167 1839 2293
2295 233 1403
2296 594 665 1199 2297
2297 88 1375 2296 2327
2298 2120 3512
2299 2300
2300 2299 2634
2301 36 43 53 106 184 424 460 526 675 687 896 910 973 1049 1056 1168 1273 1607 1627 1793 1796 1841 1867 1935 2014 2019 2050 2124 2159 2171 2225 2302 2325 2342 2397 2400 2412 2602 2619 2702 2728 2906 2921 3004 3010 3076 3129 3202 3207 3470 3506 3563 3682 3700 3765 3877 3904 3965
2302 2301
2303 649
2304 183 275 283 305 562 598 689 721 727 862 917 970 993 1102 1161 1165 1230 1301 1324 1341 1350 1424 1474 1556 1584 1640 1670 1788 1825 1893 1954 1974 2019 2035 2091 2186 2305 2315 2380 2412 2419 2440 2463 2548 2584 2587 2604 2613 2825 2831 2866 2901 2917 2961 2981 3024 3079 3093 3105 3115 3120 3135 3240 3259 3300 3319 3350 3360 3414 3469 3511 3597 3599 3606 3694 3749 3795 3805 3815 3820 3883 3911 3920
2305 2304
2306 2307
2307 2306
2308 2309 2312
2309 328 1781 2308 2322 2332 2443
2310 2311
2311 2310
2312 10 27 53 59 75 80 94 170 171 184 234 236 286 299 307 310 311 330 340 418 448 452 461 581 662 686 688 703 707 746 753 762 774 779 796 823 828 829 835 837 854 856 864 917 931 957 985 994 1058 1065 1116 1128 1169 1186 1193 1224 1280 1330 1336 1338 1340 1341 1343 1385 1396 1402 1428 1460 1478 1532 1533 1604 1620 1623 1624 1634 1657 1674 1684 1694 1695 1713 1725 1726 1731 1744 1745 1811 1833 1855 1864 1917 1922 1933 1954 1979 1998 2003 2055 2061 2083 2112 2115 2129 2149 2226 2308 2313 2324 2329 2330 2335 2367 2370 2381 2386 2390 2392 2394 2398 2405 2408 2429 2433 2438 2469 2473 2474 2481 2493 2496 2508 2512 2514 2525 2527 2547 2566 2572 2585 2600 2617 2624 2647 2664 2674 2688 2699 2706 2717 2724 2736 2741 2757 2777 2778 2785 2810 2823 2825 2839 2842 2843 2865 2895 2916 2938 2955 2963 2966 2975 2985 2986 2989 3010 3024 3025 3032 3044 3047 3050 3059 3062 3089 3103 3109 3114 3117 3119 3128 3135 3154 3157 3192 3194 3238 3247 3254 3255 3256 3313 3337 3344 3358 3367 3369 3378 3406 3421 3470 3476 3480 3491 3522 3531 3534 3540 3543 3554 3573 3594 3617 3618 3623 3625 3639 3643 3656 3663 3672 3676 3703 3728 3754 3794 3835 3861 3882 3885
2313 2312 2729
2314 136 389 649 951 1072 1268 1375 1724 2029 2114 2290 2395 2567 2854 3328 3473 3488 3520 3896
2315 1963 2304 2800 3078
2316 295 564 945
2317 491 1564 1850
2318 658 975 2319
2319 2318
2320 944 3112
2321 2237
2322 2309 2323 2378 2454
2323 2322
2324 178 1437 2312
2325 2301
2326 1321
2327 1182 1183 1882 2297 3734
2328 720 1433
2329 1716 1865 2312 3944
2330 2312 2331
2331 1777 2330 3191
2332 19 197 284 332 348 467 590 656 665 726 735 868 889 965 1022 1082 1128 1179 1319 1364 1370 1386 1444 1507 1768 1783 1839 1956 2028 2058 2156 2202 2309 2333 2422 2434 2445 2453 2460 2469 2490 2508 2523 2552 2560 2622 2724 2750 2835 2910 2914 2953 2968 3044 3111 3121 3181 3188 3210 3239 3336 3489 3501 3524 3601 3662 3713 3721 3856 3862 3947
2333 2332 2993 3130 3526
2334 233 3009 3669
2335 911 2312
2336 117 220 828 1313 2161 2172
2337 117 220 383 2237
2338 844
2339 2340
2340 2339
2341 2342 2730
2342 2301 2341
2343 1034
2344 665 2019
2345 735 845 2139
2346 1491
2347 207 398 450 791 992 1126 1188 2001 2348 2493 2863 3262
2348 160 2347 3104
2349 1934 1935 2114 2192
2350 130
2351 215 839 1375 2352 3412
2352 2351
2353 219 724
2354 1167
2355 1539 3415
2356 1326 2237
2357 160 1491
2358 2359 2375 2385
2359 1745 2358 2661
2360 2361 3191
2361 91 2360
2362 845 1211 2019
2363 1677 3838
2364 160 975 2365 3733
2365 947 2364
2366 2048
2367 664 935 1260 1575 2267 2312 2553 3900
2368 1086 2406 3287 3996
2369 2370 2408
2370 446 2312 2369
2371 489 1534 2743
2372 1608
2373 160
2374 2228
2375 90 130 139 170 196 233 236 302 321 330 349 561 642 691 751 821 826 1046 1092 1163 1220 1254 1269 1410 1421 1449 1456 1534 1563 1605 1617 1637 1685 1691 1805 1866 1916 1933 1961 1978 2027 2075 2108 2139 2197 2226 2235 2358 2376 2401 2418 2427 2428 2464 2484 2513 2519 2522 2533 2601 2640 2669 2676 2703 2707 2712 2748 2772 2791 2795 2798 2801 2821 2827 2828 2838 2863 2874 2930 2938 2946 2975 2990 3012 3034 3054 3061 3110 3125 3138 3181 3197 3209 3244 3280 3300 3321 3346 3353 3355 3372 3458 3463 3464 3635 3638 3750 3782 3789 3962 3966
2376 2375
2377 207
2378 845 2322
2379 1149
2380 117 647 2304
2381 117 220 389 1162 1594 2312
2382 2383
2383 2382 2421 2993
2384 2385
2385 23 361 2111 2358 2384 2665 3630
2386 2312
2387 1477
2388 398 1762 1861 2237
2389 2390 2424 2787
2390 117 1683 1814 2133 2312 2389 3323 3508
2391 665 2392
2392 1448 2312 2391
2393 784
2394 1934 1935 2312 2781
2395 665 2314
2396 944 1196 2397 2608 3407
2397 845 2301 2396
2398 207 2312
2399 2400
2400 2301 2399
2401 1127 1375 1824 2042 2375
2402 1062 1205 2762
2403 975
2404 2405 2796 3307
2405 2312 2404 2675
2406 207 975 2368
2407 975
2408 51 175 312 814 931 970 975 1202 1222 1534 1627 1672 1778 2066 2163 2312 2369 2494 2983 3202 3644 3686 3738 3746 3758
2409 92 339 389 402 664 679 693 895 1255 1350 1359 1421 1562 1590 1608 1652 1814 1832 2031 2032 2163 2228 2504 3008 3097 3248 3260 3364 3490
2410 2411 2950 3388
2411 160 2410
2412 2301 2304
2413 1153 2008 2475 2476
2414 77
2415 1933
2416 58 2193
2417 1921
2418 1101 2375
2419 2304
2420 1072 2891
2421 2383
2422 2332
2423 2424 2526
2424 2389 2423 2476
2425 160 207
2426 419
2427 975 2375
2428 644 2375
2429 233 2167 2312 2796
2430 224
2431 1634 2267
2432 472
2433 2312
2434 1574 2332
2435 2436
2436 2435
2437 1204 1359 2965 2994
2438 2312
2439 1964
2440 1935 2304 2466
2441 352 2442
2442 2441
2443 546 1126 1255 1256 2054 2163 2181 2309 2458 2497
2444 1218
2445 2332
2446 1764 1777
2447 1092 1702
2448 2237 2449
2449 2448 2521
2450 2451
2451 1851 2450 2551 2573
2452 396 1255 1711
2453 1481 2332 3543
2454 2322
2455 2456
2456 450 2455 3316
2457 57
2458 121 1540 1814 2443
2459 1448 1933
2460 423 2332 2461
2461 2460
2462 985 2771
2463 160 357 2304 3014
2464 845 2375
2465 616
2466 2440
2467 845
2468 1609 1610 1886 1982
2469 8 845 2312 2332
2470 2471
2471 2470 3725
2472 117 157 990 1165 1326 1448 2522 2576 2596 3856
2473 2312
2474 2312
2475 2413 2476
2476 2413 2424 2475
2477 2478
2478 203 2477
2479 117 220 302 389 649
2480 58
2481 446 1000 1150 2202 2312
2482 2483
2483 228 2482 3390
2484 2375 2485
2485 2484
2486 544 3872
2487 117 2496
2488 2489
2489 2488
2490 975 2332 3968
2491 895 1269
2492 233 292 3983
2493 1959 2312 2347
2494 117 425 559 944 1211 1935 2408 2559 2721 3871
2495 160 219 503 1021 1713 2543
2496 897 1908 2312 2487
2497 233 1777 1891 2443 2681
2498 2133
2499 1167 2756
2500 160
2501 160 1199 1700 3645
2502 292
2503 5 165 1606
2504 220 389 618 2409
2505 1935 2168 2192 2255 3179
2506 233
2507 504 505 1954
2508 2312 2332
2509 845
2510 975 1933
2511 2512 3099
2512 233 2312 2511
2513 905 1040 1283 2375
2514 117 2312
2515 207 1553
2516 1665 2639 3615
2517 1167
2518 211 504 789 1806 2636 3315 3959
2519 165 2375 3928
2520 1340 1386 1476 1568 1657 1845 2152
2521 2449 2644 3088
2522 2375 2472
2523 1423 1592 2332 2524 3477
2524 386 1068 2523
2525 2312
2526 2423
2527 6 254 662 665 2312
2528 339 2607 2824
2529 2065 3901
2530 845 2025 3741
2531 98 1460 2695
2532 2533
2533 2375 2532 3580
2534 117 288 389 731 3762
2535 2536
2536 1702 1871 2535
2537 106 3137 3535
2538 975
2539 641 975
2540 2013
2541 2542 2983
2542 2541
2543 173 701 913 1313 1459 2495 3137
2544 207
2545 1935
2546 160 165 219 321
2547 2312
2548 2304 3159
2549 32 168
2550 1326 2551
2551 2451 2550 2573
2552 530 2332
2553 77 1627 2367
2554 182 803 1240 3190
2555 2556
2556 2555
2557 1051 2648
2558 2028
2559 2494 2560 2783 2800 3351 3745
2560 2332 2559
2561 1719
2562 2563
2563 2562 3658
2564 2565
2565 2564 2595 3468
2566 2312
2567 1126 2314 2568 2673
2568 2567
2569 1328 1949 2715
2570 1849 2733
2571 160 1179 2291
2572 2312
2573 644 653 750 1274 1851 2138 2451 2551 2679
2574 863
2575 233 1159
2576 1633 2472
2577 2578
2578 1308 2577
2579 1933 1992
2580 233 1409
2581 975 1167
2582 1339
2583 117 1777 1938 2625 3870
2584 2304
2585 2312 2586 3924
2586 1041 1345 2585
2587 629 975 2304
2588 328 845 2864 3320
2589 78
2590 665 1167
2591 743 883 975 1103 1609
2592 569 2020 2194 3146
2593 160
2594 845 3549
2595 2565
2596 27 330 379 1026 1985 1991 2472 2698 2812 2828 2913 2978 3116 3264 3439 3553 3624 3719
2597 160 1375 2598
2598 2597
2599 1972
2600 2312 2883
2601 1205 1702 2375 3014
2602 975 1020 2301
2603 325 649 2103
2604 32 168 1647 2304
2605 233 1352 1777 2606
2606 2605
2607 130 2528 2897
2608 2396 3338
2609 117 389 2290 2744
2610 904 2611 2752
2611 2610
2612 1935 2192
2613 2304
2614 1179 3887
2615 485 902 2616 2844 3736
2616 2615
2617 1375 2312
2618 92 165
2619 2301
2620 970 1375
2621 975
2622 2332 3811
2623 613
2624 665 1275 2260 2312 2912 3582
2625 2019 2583 2729
2626 380 2627 2966
2627 2626
2628 2629
2629 1355 2628
2630 1261
2631 1483 2632
2632 2631
2633 1147 1149
2634 117 160 389 1260 2184 2300
2635 1954 3193
2636 1586 2518
2637 2042 3031
2638 845
2639 98 1204 2516
2640 2375
2641 1326 1375 1777 1933
2642 283 967 2643
2643 1331 2642
2644 1702 2521
2645 1814
2646 845 2796 3529
2647 2312
2648 443 1034 2557
2649 2650 2796 3235
2650 2649
2651 160
2652 160
2653 1702 3595
2654 2655
2655 160 873 2654 3722
2656 233
2657 1098 1777
2658 101 1375 3004
2659 2660 3150
2660 2659 3150
2661 2359
2662 301 2663
2663 2662
2664 233 724 1777 2312
2665 572 2385
2666 2667
2667 2666 2797
2668 143 224 845 2237 3577
2669 2375 2670
2670 2669
2671 207
2672 1916
2673 874 1713 2567
2674 1375 2312 3802
2675 142 553 655 676 700 759 1379 1514 1759 2043 2207 2405 2695 2815 2887 3056 3529 3614 3743 3890
2676 117 2375 3865
2677 160 1364 1498
2678 751
2679 416 1274 1275 2573
2680 117 220 389
2681 160 1044 1126 1254 1255 2497
2682 2683
2683 2682
2684 2685 3389
2685 2684
2686 1141 2852
2687 207 1009 1104
2688 730 791 967 2019 2312 3755
2689 460 512
2690 2691
2691 2690
2692 994
2693 1326
2694 489 1929 3483
2695 1375 2531 2675 2708 3074 3104 3216
2696 1132 2921
2697 977 1326 1364 1771
2698 166 2596
2699 2312 2700
2700 2050 2699 2987
2701 117 389
2702 2301
2703 109 2375
2704 845
2705 2706
2706 2312 2705
2707 233 2375
2708 2695
2709 168 2710
2710 1386 2709
2711 975
2712 1375 2375
2713 613 1177 1235 2720
2714 160 1786 3009
2715 1204 2569
2716 32 866 1443
2717 2312 3657
2718 2719
2719 2718
2720 233 430 1030 2713
2721 839 1126 1202 1458 1627 2494 3049 3909
2722 239
2723 845 1702
2724 456 665 2312 2332
2725 1224 1225
2726 1757
2727 1326 2728
2728 2301 2727
2729 64 196 228 271 479 540 874 888 937 1944 2090 2202 2313 2625 2777 2876 3094 3141 3368 3416 3463 3567 3641
2730 233 2341
2731 53 2732
2732 58 117 2731
2733 2570
2734 160
2735 117 389
2736 2312
2737 1370 3454
2738 2739
2739 2738
2740 2741
2741 77 2312 2740
2742 1256
2743 1426 2020 2371
2744 489 560 2609 3028
2745 2746
2746 77 2745
2747 310
2748 2158 2375 2749
2749 772 975 1014 2748
2750 2332 3571
2751 975
2752 1167 2610
2753 2042
2754 665
2755 785
2756 935 2499
2757 2054 2312 2824 2858
2758 802 2891
2759 117
2760 58
2761 461 975
2762 2402
2763 232
2764 2765 3651
2765 2764
2766 160 883
2767 2768
2768 2767
2769 2770
2770 2769
2771 2462
2772 2375 2773
2773 2772 2965
2774 2775
2775 2774
2776 1375 2237
2777 2312 2729
2778 2312
2779 2780
2780 2779
2781 207 1933 2394
2782 28 443 3445
2783 233 2559
2784 1375 1787
2785 2312
2786 89 310
2787 559 837 2389
2788 2789
2789 2788
2790 2237
2791 2375
2792 1128 1129
2793 665
2794 1375 3310
2795 62 2375
2796 1558 2154 2404 2429 2646 2649 2832 3043 3273 3673
2797 2667
2798 2375
2799 665 845 
