2800 975 2315 2559
2801 1933 2375 3082 3472
2802 720 3126
2803 160 1728 2019
2804 165 2081
2805 34
2806 2807
2807 2806
2808 1331 1702
2809 2810 2976 3185
2810 2312 2809
2811 1933
2812 1153 2596
2813 2814 3609
2814 1534 2236 2813
2815 470 2010 2675 2985
2816 1378
2817 1727
2818 399 883
2819 1814
2820 2821
2821 1384 2375 2820 2897 3615
2822 1034
2823 233 2312
2824 2054 2133 2528 2757
2825 2304 2312
2826 530
2827 978 2375 2963
2828 2375 2596
2829 1469
2830 1167 3069
2831 2304
2832 321 975 1326 2796
2833 975 1934 1935
2834 233
2835 2332
2836 207 1167 1326
2837 796 2139
2838 1364 2375
2839 2312
2840 1754 3076
2841 839
2842 2312
2843 411 1488 2312
2844 2615
2845 233
2846 160
2847 2848
2848 6 2094 2847
2849 1964
2850 2851
2851 2850
2852 117 233 361 2686 3447
2853 160 1375
2854 2314 2861
2855 1755 4003
2856 117 220 389 975 1398 2857
2857 975 2856
2858 98 2757 3092
2859 2860
2860 2237 2859
2861 2854
2862 4
2863 476 2347 2375
2864 2588
2865 2312 3501 3702
2866 2304
2867 2868 3737
2868 2867
2869 197 768 3035
2870 2871 3013 3149
2871 237 2870 3499
2872 1814 1992 3970
2873 1578
2874 2375
2875 757 2267
2876 2729
2877 386 1261 3175
2878 321 339 895
2879 233 1753
2880 532 975
2881 2882
2882 160 2881
2883 1965 2600
2884 490 1054
2885 874
2886 975 3109
2887 314 321 2675
2888 479
2889 509 681 701 1188 1326 1935
2890 845
2891 2180 2420 2758
2892 1824
2893 117
2894 845
2895 160 2312
2896 1398 1818
2897 2607 2821
2898 2899
2899 160 2898
2900 380
2901 2304 3521
2902 314 1055
2903 2248
2904 665
2905 117 389 845
2906 160 2301
2907 1491 1492
2908 1929
2909 427
2910 665 2332
2911 1592 2042 2121
2912 2624
2913 1279 2596
2914 224 2332
2915 212 532 533 862
2916 665 2312
2917 2304
2918 1167
2919 2169 2920 3647
2920 2919
2921 2301 2696
2922 27 845
2923 334 3930
2924 2925
2925 2924
2926 2128 3081
2927 233
2928 233
2929 1079 3341 3523
2930 2375 3408
2931 234
2932 1543 1614 3123
2933 117 389 664
2934 845 1656
2935 835 1072 3342 3792
2936 207
2937 2938
2938 2008 2312 2375 2937
2939 1040
2940 207
2941 128 3778
2942 461 633 999 1058
2943 1972
2944 2242
2945 13
2946 665 2375
2947 2948 3765
2948 2947
2949 1089
2950 845 1422 1433 2410
2951 1393 3219
2952 160
2953 2332 2954 3027
2954 2953
2955 2312
2956 1935 2192
2957 432 433 2237
2958 975
2959 508 1992
2960 1339
2961 1196 2304 3957
2962 98 1204
2963 678 2312 2827
2964 835
2965 233 2019 2437 2773
2966 2312 2626
2967 1196 2237
2968 1825 2332
2969 734 1126
2970 98
2971 1332
2972 2973
2973 204 2972
2974 803 2198 2230
2975 117 2312 2375
2976 2088 2809
2977 1777
2978 2596
2979 908 2993
2980 1609 1610 1982 2157 3190 3430
2981 321 2042 2304 3105
2982 8 1949
2983 2408 2541
2984 275 629
2985 2312 2815
2986 2312
2987 314 2700 2988 3408
2988 64 2987
2989 2312
2990 2375
2991 2033
2992 505
2993 2333 2383 2979
2994 2437
2995 160
2996 1167 2997
2997 1702 2996
2998 975 2042
2999 3000
3000 347 348 2999 3362
3001 3002
3002 3001
3003 665
3004 2301 2658
3005 2042 3006
3006 3005 4002
3007 940
3008 117 220 389 664 1167 1375 2409
3009 2334 2714 3218
3010 2301 2312 3011
3011 1621 1995 3010 3954
3012 2375
3013 2048 2049 2870 3507
3014 1954 2463 2601
3015 2237 3318
3016 1814 1954
3017 3018
3018 3017
3019 629
3020 825
3021 3
3022 207 2019
3023 64 117 220 2106
3024 2304 2312 3199
3025 2312
3026 380 3730
3027 883 906 2108 2953
3028 2744
3029 1339
3030 189
3031 992 2637
3032 2312
3033 221 1034 1167
3034 2375
3035 845 1072 2869
3036 1874
3037 794 3038
3038 3037
3039 3040
3040 98 3039
3041 314
3042 473 474 658
3043 2796
3044 188 2312 2332
3045 665 1574 3200 3374
3046 233
3047 2312
3048 6 3519
3049 117 2721
3050 2312
3051 117
3052 278 1924 3339
3053 207 845
3054 2375
3055 346 1491 1492 3136
3056 2675
3057 136 467 1396 1397 2171 3893
3058 3059
3059 2312 3058
3060 2189
3061 2375
3062 1583 2312
3063 160 233
3064 160 788
3065 811
3066 3067
3067 3066
3068 233
3069 2830
3070 496
3071 243 1647
3072 1164
3073 569 1914
3074 2695
3075 829
3076 845 2301 2840 3384 3757
3077 558 1592
3078 515 1354 2315
3079 1354 2304
3080 3081
3081 117 170 2926 3080
3082 2801
3083 120
3084 1149 3346 3471
3085 233
3086 3087
3087 3086
3088 688 861 2521
3089 638 2312
3090 3091
3091 3090
3092 1167 1933 2858
3093 165 2239 2304
3094 1167 1575 2729
3095 22 791 1807 1922 2020 2038 3219 3369
3096 77
3097 1235 2409
3098 117
3099 2511
3100 207
3101 170 2048 2049
3102 45 665
3103 2312
3104 757 2348 2695 3674
3105 561 2304 2981 3106
3106 3105
3107 3108
3108 3107
3109 2312 2886
3110 2375 3828
3111 2332
3112 445 665 1326 1405 2320
3113 160
3114 2312
3115 2304 3693
3116 2596
3117 1120 2312
3118 1349 1814
3119 2312
3120 2304 3121 3457
3121 2332 3120
3122 1934
3123 2932 3279
3124 975
3125 2375
3126 207 665 2802
3127 117 819
3128 160 2312
3129 2301
3130 2333
3131 1256
3132 665
3133 686
3134 450
3135 115 2304 2312
3136 754 3055
3137 503 1145 2537 2543
3138 143 2375
3139 207
3140 2063 2237
3141 2729 3850
3142 3143 3596
3143 3142
3144 160
3145 975
3146 2020 2194 2592 3352
3147 117 389 1269 1358
3148 1979
3149 2870
3150 2659 2660
3151 3152
3152 3151
3153 1132 2042
3154 2312
3155 512 3214
3156 98 384 1116 1204
3157 2312
3158 1149
3159 2548
3160 1935 2192 2255
3161 845 3162
3162 3161
3163 170 3164
3164 3163
3165 3166
3166 117 3165
3167 117 1167
3168 845 2274 3169
3169 3168
3170 233 1300
3171 1239
3172 342 742 1275 1729 3291
3173 437 1202 1688 1744
3174 1583
3175 160 2877 3390
3176 389 664 1051 2053
3177 233 844
3178 1935
3179 1089 1116 2505 3180
3180 3179
3181 160 2332 2375
3182 220
3183 32 794
3184 1375 1949
3185 295 2809
3186 160 1116 3314
3187 2019
3188 2332 3363
3189 774
3190 2554 2980
3191 398 1044 2121 2331 2360 3634 3712
3192 1807 2312
3193 2635 3689
3194 2133 2312
3195 342
3196 1239 1702 2237
3197 160 2375
3198 1217
3199 2001 3024
3200 3045
3201 1115
3202 1702 2301 2408
3203 142
3204 1235 1421
3205 1126
3206 170
3207 1049 2301 3967
3208 233
3209 845 1439 2375
3210 845 1234 2332
3211 207
3212 1703
3213 117 3711
3214 3155
3215 165
3216 2695
3217 1196 2237 3257
3218 3009
3219 2951 3095
3220 3221
3221 629 3220
3222 165 670
3223 906
3224 425
3225 117
3226 1667 3227
3227 3226
3228 117 1573
3229 3230 3649
3230 1228 3229
3231 3232
3232 3231
3233 862
3234 665 3600
3235 2649 3864
3236 1139
3237 665
3238 2312
3239 98 321 2332
3240 665 2304
3241 3242 3841
3242 3241
3243 975
3244 2375
3245 3246
3246 1167 3245
3247 2312 3586 3873
3248 117 220 389 649 2409
3249 3250
3250 2071 3249
3251 2198
3252 3253
3253 883 2042 3252
3254 2312
3255 2312
3256 2312
3257 3217
3258 1101 3259
3259 2304 3258
3260 117 2215 2409
3261 2032
3262 918 2347 3263
3263 2181 3262
3264 2596
3265 1794
3266 207 3899
3267 3268
3268 3267
3269 3270
3270 3269
3271 940
3272 1331
3273 2796
3274 1167 1933
3275 845
3276 1221 1231
3277 359 360 1669 1798 1883 2103 2146 2150
3278 1224
3279 3123
3280 2375
3281 1419
3282 69 2156
3283 956 975 3284 3675 3730
3284 3283
3285 1117
3286 2013
3287 2368
3288 1112
3289 523
3290 2205
3291 3172
3292 532 756
3293 387
3294 845
3295 2063
3296 3297
3297 3296
3298 1575 3752
3299 3300
3300 1012 2304 2375 3299 3960
3301 117
3302 1941
3303 3304 3961
3304 3303
3305 1866
3306 1592
3307 2404
3308 824 1841 1851 1948 2063 2159
3309 891
3310 427 2794
3311 937
3312 1933
3313 2312
3314 3186
3315 937 2518
3316 676 2456
3317 3318 


3318 665 3015 3317 3578
3319 2304
3320 2588
3321 845 1433 2019 2375
3322 117
3323 2390
3324 665 914
3325 881
3326 3327
3327 3326
3328 2314
3329 3330
3330 3329
3331 1903
3332 1933
3333 665 975
3334 207
3335 3336
3336 789 2332 3335 3976
3337 2312
3338 2608
3339 375 3052
3340 665
3341 2929
3342 2935
3343 1637
3344 1934 1935 2192 2312
3345 64
3346 1389 2375 3084
3347 450
3348 765
3349 748
3350 1949 2304 3760
3351 2559
3352 2020 2194 3146
3353 1149 2375
3354 128 3355
3355 160 2375 3354
3356 1022
3357 1375
3358 2312 3826
3359 1559
3360 2304
3361 1058
3362 233 3000
3363 117 3188
3364 2409
3365 1375
3366 1299
3367 845 2312
3368 2729
3369 2312 3095
3370 98 321
3371 321
3372 2259 2375
3373 1238 1267 1358
3374 3045
3375 117 160
3376 665
3377 2108
3378 2312 3418
3379 651
3380 1167
3381 3382
3382 3381
3383 1071
3384 940 3076
3385 2133
3386 160 2042
3387 665 2189
3388 532 862 2410
3389 2684
3390 2483 3175
3391 1933
3392 574
3393 233 1460
3394 321 3395
3395 3394
3396 233
3397 3398
3398 3397
3399 160 239
3400 207 745
3401 3402
3402 3401
3403 3404
3404 1646 3403 3687
3405 1702
3406 2312
3407 2396
3408 352 2930 2987
3409 233
3410 975
3411 1423
3412 2351
3413 160
3414 2304
3415 2355
3416 2729
3417 207
3418 3378
3419 117 1260
3420 1436
3421 975 2312
3422 117 629
3423 207
3424 1149
3425 1600
3426 117 220
3427 246 1375
3428 772 3429
3429 3428
3430 2980
3431 160
3432 1128
3433 718
3434 64 387
3435 665 975 1935 2192
3436 1874
3437 98
3438 1173
3439 2596
3440 956 1623
3441 160
3442 1600
3443 1049
3444 940
3445 2782 3446
3446 3445
3447 2852
3448 453
3449 2042
3450 170
3451 1743
3452 665 2081
3453 2042
3454 1113 2737
3455 1355
3456 1103
3457 652 653 1616 3120
3458 2375
3459 3460
3460 3459
3461 207
3462 117
3463 205 489 1814 2375 2729
3464 2375
3465 321 1202
3466 467
3467 702
3468 2565
3469 2304
3470 2301 2312
3471 3084
3472 2801
3473 2314
3474 3475
3475 3474
3476 1326 2312
3477 2523
3478 2019
3479 845
3480 98 975 2312
3481 665
3482 1364
3483 353 416 812 2694
3484 1822
3485 3486
3486 3485
3487 1020
3488 37 1261 2314
3489 2042 2332 3810
3490 1001 2263 2409
3491 2312
3492 880
3493 594
3494 160 720 1240 1273
3495 1034
3496 896
3497 98 3498
3498 24 3497 3579
3499 2871
3500 2019
3501 2332 2865
3502 762
3503 1491 1492
3504 845
3505 1375 1419
3506 2301
3507 1149 3013
3508 361 2390
3509 233
3510 93
3511 2304
3512 2298
3513 1875
3514 3515
3515 3514 3775
3516 1034
3517 1954
3518 1918
3519 1267 3048
3520 106 2314
3521 2901
3522 2312
3523 2929
3524 2332
3525 58
3526 551 2333
3527 549 1204
3528 233
3529 2646 2675
3530 1933
3531 2312
3532 160
3533 207
3534 2312
3535 1326 2537
3536 1777 3661
3537 1375
3538 665
3539 465 3867
3540 3 2312
3541 665 1204
3542 160 1523
3543 2312 2453
3544 3545
3545 3544
3546 3547
3547 3546
3548 997
3549 2594
3550 1537
3551 1600 3895
3552 769
3553 2596
3554 2312
3555 972 1317
3556 664
3557 2223
3558 233
3559 233 665 975
3560 17 720
3561 1935 2192
3562 1072
3563 2125 2301 3984
3564 518
3565 117
3566 1355
3567 2729
3568 583
3569 975
3570 665 3672
3571 98 2750
3572 165
3573 598 2312
3574 504
3575 1949 2051 3576
3576 3575
3577 58 2668 3720
3578 1933 3318
3579 3498
3580 1279 2533
3581 956
3582 811 2624
3583 3584
3584 3583
3585 165
3586 3247
3587 3588
3588 3587
3589 1263
3590 3591
3591 3590
3592 4 3593
3593 882 3592
3594 559 2312
3595 233 2653
3596 3142
3597 2304
3598 845 1149
3599 2304
3600 1149 3234
3601 2332
3602 450
3603 207 467
3604 1296
3605 117
3606 2304
3607 6
3608 1250
3609 2813
3610 3611
3611 3610
3612 1702
3613 1819
3614 2675
3615 2516 2821
3616 536 1639 1683 1702
3617 2312
3618 2312
3619 233
3620 233 647
3621 1702
3622 312
3623 2312
3624 1159 2596
3625 1666 2312
3626 547 1199
3627 1167
3628 117
3629 425
3630 321 489 559 593 845 2385
3631 3632
3632 3631
3633 389
3634 3191
3635 2375
3636 668
3637 2069 2070
3638 2375
3639 2312
3640 1727
3641 2729
3642 3643
3643 2312 3642
3644 2408
3645 2501
3646 233 487
3647 2919
3648 1375
3649 3229
3650 975
3651 2764
3652 409
3653 665
3654 857
3655 386
3656 2312
3657 520 2717
3658 1298 2563
3659 472 596
3660 1126
3661 3536
3662 2332
3663 2312
3664 1935
3665 160 1131
3666 3667
3667 3666
3668 1998 2274
3669 207 2334
3670 3671
3671 3670
3672 2312 3570
3673 2796
3674 14 3104
3675 3283
3676 2052 2312
3677 1551
3678 975
3679 1035
3680 3681
3681 3680
3682 2301
3683 234
3684 1923
3685 2041
3686 629 2138 2408
3687 801 3404 3979
3688 250
3689 3193
3690 1149
3691 160
3692 955
3693 3115
3694 2304
3695 811
3696 359 1955 3935
3697 3698
3698 3697
3699 1702
3700 2301
3701 160 1072
3702 2865
3703 2312
3704 3705
3705 3704
3706 233
3707 389
3708 923 3709
3709 886 3708
3710 899 3747
3711 3213
3712 1777 3191
3713 2332
3714 77
3715 2105
3716 956 3717
3717 3716
3718 450 1255
3719 2596
3720 3577
3721 2332
3722 2655
3723 461
3724 1228 2005
3725 2471
3726 1358
3727 233 2142
3728 234 2312
3729 544
3730 3026 3283
3731 1204
3732 321
3733 2019 2364
3734 2327 3735
3735 3734
3736 1933 2615
3737 2867 3777
3738 2408
3739 1952
3740 207
3741 2530
3742 207
3743 2675
3744 98
3745 2559
3746 2408
3747 3710
3748 551
3749 2304
3750 2375
3751 845
3752 364 2063 3298
3753 2129
3754 2312
3755 2688
3756 1597
3757 3076
3758 2408
3759 328 3760
3760 3350 3759 3879
3761 1558
3762 2534
3763 975
3764 1167
3765 2301 2947
3766 1935 2192
3767 1278
3768 1814
3769 1034
3770 1577
3771 2055
3772 874
3773 1129
3774 88
3775 3515
3776 233
3777 3737
3778 2941
3779 3780
3780 3779
3781 233
3782 2375
3783 450
3784 314
3785 2031
3786 2237
3787 1062
3788 1167
3789 2375
3790 207 731
3791 117
3792 2935
3793 234
3794 2312
3795 2304
3796 2192 3797 3942
3797 3796
3798 2118
3799 665
3800 845 3943
3801 1592
3802 2674
3803 665
3804 1225
3805 2304
3806 3807
3807 3806
3808 1246
3809 207
3810 3489
3811 2622
3812 233
3813 2181
3814 881
3815 2304
3816 535
3817 845
3818 1167
3819 329
3820 2304
3821 665
3822 322 3823
3823 3822
3824 2237
3825 346
3826 3358
3827 172
3828 3110
3829 1981
3830 6
3831 665
3832 2186
3833 207 1665
3834 1684
3835 2312
3836 1933
3837 160
3838 2363
3839 3840
3840 3839
3841 3241
3842 1149
3843 1220
3844 956
3845 220
3846 1326
3847 1375
3848 665
3849 1271
3850 3141
3851 3852
3852 3851
3853 257
3854 160
3855 1144
3856 1263 2332 2472
3857 233
3858 266
3859 160
3860 314
3861 1149 2312
3862 2332
3863 1349
3864 3235
3865 2676
3866 1034
3867 3539
3868 207
3869 665
3870 1126 2583
3871 2494
3872 2486
3873 3247
3874 233
3875 665
3876 845
3877 2301
3878 1592
3879 3760
3880 1912
3881 6
3882 2312
3883 2304
3884 845
3885 2312
3886 92 3897
3887 576 2614
3888 310
3889 1161
3890 2675
3891 207
3892 1375
3893 3057
3894 839
3895 3551
3896 2314
3897 3886
3898 37
3899 3266
3900 2367
3901 2529
3902 881
3903 56 246 1347
3904 2301
3905 3906
3906 3905
3907 1259
3908 665
3909 2721
3910 143
3911 2304
3912 430
3913 1664
3914 1167
3915 2189
3916 665
3917 3918
3918 3917
3919 1326
3920 2304
3921 1086
3922 3923
3923 3922
3924 2585
3925 2019
3926 670
3927 1167
3928 2519 3929
3929 3928
3930 2923
3931 1333
3932 845
3933 160
3934 975
3935 3696
3936 1702
3937 2092
3938 3939
3939 3938
3940 3941
3941 3940
3942 3796
3943 3800
3944 2329
3945 806
3946 1630
3947 2332
3948 117
3949 1469
3950 2219
3951 845
3952 601
3953 171
3954 3011
3955 207
3956 32
3957 2961
3958 1702
3959 2518
3960 3300
3961 3303
3962 2375
3963 1949
3964 1933
3965 2301
3966 2375
3967 3207
3968 2490
3969 409
3970 2872
3971 3972
3972 3971
3973 160
3974 1957
3975 1854
3976 3336
3977 278 833
3978 1977 2187 2226 2238
3979 3687
3980 2228 3997
3981 1370
3982 1674
3983 2492
3984 3563
3985 2120
3986 2231 3988
3987 2196
3988 3986
3989 111
3990 952
3991 1977 2187 2226 2238
3992 1075
3993 2231
3994 2196
3995 1283
3996 2368
3997 3980
3998 2178 2213
3999 1357
4000 354
4001 117
4002 3006
4003 2855
4004 613
4005 508 2229
4006 4007
4007 4006
4008 3
